components/klab.component.landcover/etc/demofiles/alt.asc
ncols         320
nrows         270
xllcorner     436000
yllcorner     1356000
cellsize      100
NODATA_value  -9999
[rows 39 to 77 of 270, columns 88 to 175 of 320]
81 96 117 142 141 113 148 182 184 156 102 68 30 16 16 17 17 16 20 34 39 43 35 19 16 13 13 15 19 15 15 26 41 68 68 53 45 49 52 57 67 75 89 122 133 97 82 70 60 62 62 46 54 54 59 77 97 104 85 64 45 52 71 82 84 89 108 136 159 186 229 283 330 372 426 475 499 507 504 507 561 580 537 502 496 528 588 576
80 94 116 145 152 131 153 195 195 158 119 90 44 18 16 17 17 26 48 61 47 37 28 33 27 15 13 17 27 16 14 18 26 49 36 35 42 39 47 60 66 73 81 92 112 95 80 70 63 64 64 53 64 65 63 86 104 108 97 77 59 50 69 88 91 95 115 139 161 183 219 265 303 347 416 484 527 541 538 542 577 616 580 546 535 567 591 549
98 120 124 141 159 159 164 196 202 165 133 96 57 27 18 19 28 49 61 58 40 36 34 40 38 29 28 34 35 15 16 18 18 24 29 60 76 52 48 56 60 70 79 88 101 98 86 72 68 71 70 59 70 77 70 84 105 110 106 100 79 56 66 90 97 105 122 144 169 190 223 263 307 356 419 475 525 547 565 576 600 650 645 606 597 616 580 526
123 144 150 153 158 168 174 213 226 186 147 101 55 21 22 22 48 62 65 57 50 47 38 47 49 59 59 58 36 17 16 20 23 22 37 78 89 70 55 61 66 69 77 89 102 101 91 77 73 76 79 67 79 86 80 86 103 117 120 116 95 63 62 87 104 116 129 152 178 209 250 296 336 370 404 443 483 510 543 590 632 670 691 684 663 639 580 527
113 120 138 166 170 176 182 223 245 214 165 115 65 32 46 38 49 73 78 69 72 73 54 49 75 93 71 57 34 19 15 21 41 53 64 93 96 90 64 64 81 81 78 82 100 104 94 80 78 81 86 80 91 97 96 104 114 124 129 124 103 72 59 77 100 121 139 165 193 227 258 281 296 326 360 406 421 450 483 526 569 611 657 695 688 647 595 543
100 118 137 171 194 183 193 229 261 238 180 131 76 38 68 69 50 69 94 99 98 99 79 61 76 85 64 57 27 16 16 24 47 79 93 89 93 88 67 64 81 92 91 86 98 114 100 83 83 91 99 93 103 109 103 112 127 134 136 131 111 86 64 70 102 130 146 164 182 197 215 233 254 283 311 338 365 398 438 480 513 556 617 687 721 670 615 560
126 144 162 186 200 197 215 244 276 265 199 143 93 46 67 95 77 84 111 120 105 97 80 62 56 60 41 37 19 17 21 35 52 65 74 79 91 83 75 69 80 97 100 94 102 121 109 92 93 99 106 103 116 123 117 125 138 143 144 139 125 104 83 69 98 139 169 183 197 215 230 241 255 281 311 338 380 418 457 499 533 565 621 699 752 696 642 595
150 160 187 213 207 215 238 259 280 280 228 152 86 56 78 124 118 118 134 111 83 77 70 45 36 35 28 26 26 19 23 34 39 53 65 80 97 99 83 73 81 95 102 98 108 129 117 102 104 114 125 123 132 136 135 142 150 157 156 152 144 133 108 77 85 131 174 206 239 260 280 289 304 325 352 382 422 461 505 534 566 597 645 728 790 749 692 633
200 202 211 220 216 234 248 260 280 283 241 151 80 87 118 152 166 163 150 112 83 68 54 39 35 33 46 41 39 26 25 39 52 72 93 89 98 100 87 77 85 100 110 105 120 139 129 118 120 130 142 142 142 152 156 161 167 172 169 169 160 157 135 88 77 117 159 192 242 292 321 339 361 387 414 435 471 518 560 582 607 639 693 764 813 804 766 709
250 236 234 226 217 231 245 271 282 284 240 140 90 136 184 199 225 209 165 123 92 77 55 39 41 50 64 47 39 31 28 39 55 80 93 104 113 112 99 81 87 99 118 117 130 144 137 129 132 141 154 158 154 162 175 182 189 193 183 181 176 184 186 112 77 108 153 185 238 301 336 380 417 450 476 495 519 544 585 627 666 708 752 784 811 835 827 798
272 255 262 251 224 219 243 271 285 277 226 119 121 178 245 274 275 231 183 155 131 101 58 49 53 58 63 41 40 33 26 34 51 76 88 108 121 120 105 91 95 100 117 125 137 153 146 137 142 152 165 172 171 173 190 207 214 210 201 195 192 218 223 152 86 91 140 181 228 275 318 387 432 447 450 449 452 474 521 572 613 679 715 712 758 814 839 852
281 288 292 273 245 234 254 277 293 289 213 128 158 222 297 337 302 254 223 201 159 103 58 64 67 68 60 53 55 47 32 31 49 73 97 114 123 124 113 99 98 111 124 138 149 163 156 145 151 166 181 193 189 187 202 228 235 224 234 211 226 255 241 180 118 96 108 176 239 293 334 373 385 376 374 358 364 412 474 514 552 626 660 653 696 756 797 830
290 314 305 288 268 257 266 280 290 288 218 164 199 271 339 374 338 298 269 232 177 103 71 76 79 83 61 62 65 62 45 33 45 64 81 103 121 131 123 110 111 119 134 149 161 174 163 155 160 177 192 220 223 211 210 243 250 247 269 259 279 292 256 199 152 116 99 140 218 301 328 308 304 291 302 291 320 389 434 453 493 555 588 591 632 683 720 766
282 316 318 302 287 277 274 273 272 269 230 205 240 290 332 373 375 339 293 241 174 97 106 111 93 95 68 80 80 73 58 38 39 57 74 102 117 136 136 125 126 130 141 155 169 183 175 160 170 182 200 239 253 249 239 269 276 273 290 302 325 327 281 231 182 136 101 137 221 280 264 201 192 189 206 229 282 340 377 391 422 460 507 524 563 606 649 704
250 293 316 308 300 299 290 269 246 237 225 231 239 263 308 365 388 354 302 244 173 121 152 156 125 109 92 94 86 80 66 40 51 74 79 94 114 136 143 139 139 142 152 166 178 194 189 171 181 191 222 256 280 295 283 298 306 301 324 343 366 356 302 255 205 142 108 159 193 202 178 173 176 186 190 189 218 242 289 323 354 376 418 453 495 538 596 651
245 274 298 307 305 304 293 269 243 252 258 274 278 266 308 372 391 351 300 235 167 162 202 180 154 145 126 108 90 84 74 43 50 80 82 101 121 139 147 154 154 156 166 182 197 214 211 182 193 207 240 276 308 323 308 320 338 335 358 383 400 364 321 280 229 151 113 119 123 134 150 195 201 180 221 225 214 207 221 262 294 309 330 374 433 485 544 590
249 274 297 309 305 295 278 260 250 281 311 321 317 293 326 380 381 334 288 236 196 206 234 213 187 169 147 128 102 86 71 48 40 62 87 109 121 133 150 162 165 166 176 196 216 232 230 195 212 251 268 297 326 338 326 337 366 378 399 429 428 378 342 297 232 166 148 150 159 169 196 241 245 187 192 252 280 267 242 229 235 250 264 304 370 429 491 529
279 303 327 330 321 306 296 284 270 293 339 350 339 327 365 393 368 329 318 283 257 256 279 260 206 179 155 125 102 88 80 65 44 55 90 104 122 138 156 171 175 181 200 211 231 250 247 209 215 268 302 322 340 349 355 358 386 411 429 467 453 393 332 261 207 201 208 220 234 251 276 298 304 237 193 218 284 328 326 293 284 286 282 282 314 375 411 438
303 336 355 357 353 345 339 324 310 317 350 374 360 360 393 391 359 358 367 340 313 306 311 267 211 178 146 124 117 100 89 73 53 57 84 107 127 144 166 184 194 205 225 237 252 269 268 238 226 271 309 332 355 372 389 391 399 433 461 495 448 374 308 236 229 251 248 266 287 314 341 364 362 294 223 203 268 333 380 370 362 367 367 347 342 370 384 397
337 370 389 394 393 387 383 376 367 361 374 395 384 388 406 395 394 412 423 405 377 356 322 262 207 171 154 147 136 119 100 82 66 57 73 94 114 134 156 178 198 217 217 224 242 270 288 277 247 274 310 337 367 391 406 418 422 455 482 502 436 376 313 264 271 301 295 313 344 372 403 432 392 313 235 208 266 320 395 440 435 446 449 430 424 458 464 454
372 403 417 418 415 416 417 423 417 407 406 417 413 415 427 422 438 460 473 459 427 384 327 267 208 184 180 167 153 136 119 99 77 60 73 98 122 140 159 176 196 199 195 218 239 260 291 307 282 286 324 349 376 404 420 433 438 470 500 519 476 429 359 306 287 331 346 359 395 430 476 485 413 332 248 226 285 340 389 475 519 519 525 514 492 539 563 567
391 426 440 442 442 443 445 451 456 453 450 454 452 453 458 458 481 505 514 491 445 390 321 257 221 230 212 184 166 149 132 108 89 71 73 103 127 149 171 184 194 178 199 243 263 263 280 312 307 305 338 372 394 413 430 442 449 477 521 557 523 466 411 348 307 344 386 405 443 497 538 510 431 343 247 251 298 368 423 483 559 594 609 604 563 582 648 688
390 438 457 461 461 468 475 488 493 494 490 490 489 489 488 489 514 546 543 489 420 372 325 300 289 282 239 194 178 161 146 128 104 83 75 100 120 142 160 166 153 161 218 263 291 290 280 314 339 341 364 387 417 431 440 453 468 494 532 584 571 506 463 413 351 359 423 450 495 556 575 507 417 327 252 270 313 372 449 510 567 635 701 708 654 623 678 771
384 443 474 482 486 499 502 514 525 523 516 511 514 520 524 516 534 578 565 480 422 425 405 373 354 311 262 218 195 175 157 137 117 97 78 86 108 126 138 135 138 175 238 288 315 320 302 315 354 381 402 416 440 455 458 467 485 525 562 614 624 567 525 477 397 390 446 494 546 602 581 495 407 316 268 289 335 385 453 524 586 668 755 808 748 701 745 818
377 438 482 500 512 520 523 538 549 548 543 542 547 552 557 555 561 599 579 486 470 485 463 428 384 323 273 246 216 189 170 151 133 118 94 85 92 99 110 121 160 207 252 303 333 348 341 329 352 396 436 451 466 478 485 492 509 547 594 659 677 628 584 524 435 425 464 520 589 637 577 490 408 322 284 308 353 414 481 539 608 700 798 859 847 793 850 892
352 428 487 522 541 543 544 556 564 563 562 568 582 594 601 598 594 625 575 501 521 532 501 453 389 334 300 270 241 204 178 163 148 132 113 99 109 100 116 154 196 240 273 309 352 376 370 354 352 404 449 485 503 519 525 528 539 573 627 696 721 685 640 557 476 476 500 551 617 653 580 499 433 364 300 298 328 396 464 530 611 692 787 866 910 879 909 970
334 414 488 540 558 562 567 573 577 578 584 598 619 639 651 654 645 639 566 528 562 574 533 471 417 391 351 296 258 213 190 177 165 149 128 116 134 139 153 190 234 262 298 335 376 418 419 407 386 398 446 508 546 569 571 573 581 615 662 738 780 748 693 614 531 523 553 589 643 671 613 539 465 378 303 320 350 369 396 460 535 613 707 800 897 940 965 1036
322 401 479 541 567 582 591 596 597 601 616 638 659 678 701 711 703 663 599 575 600 608 561 505 476 435 374 317 267 223 213 202 180 160 140 139 157 177 184 202 237 277 323 376 423 462 468 460 442 428 440 489 555 602 621 627 634 655 701 763 825 802 751 672 596 569 607 638 685 687 614 538 453 359 312 353 402 411 394 414 480 555 628 715 837 940 1010 1070
308 384 469 541 582 605 614 617 622 630 641 664 687 719 742 755 742 707 665 643 644 644 603 555 509 453 389 317 264 247 239 219 188 171 151 167 182 206 227 245 274 310 352 409 464 515 528 515 494 493 494 479 512 554 597 643 685 712 750 788 848 836 795 717 636 605 660 706 736 670 572 491 417 341 354 385 424 472 468 444 463 530 617 696 792 886 970 1042
316 372 457 527 587 624 639 643 644 653 662 682 716 752 771 785 785 762 727 709 698 676 630 571 506 438 379 315 282 269 247 229 201 177 162 179 209 241 266 296 330 359 392 436 495 559 581 572 541 549 546 523 533 552 572 628 691 760 805 837 883 870 823 767 687 646 714 773 739 641 546 466 391 366 420 450 460 522 565 540 505 523 617 723 816 892 966 1039
342 366 438 507 578 633 659 666 663 674 688 704 735 767 782 795 803 798 766 748 738 704 645 582 510 460 417 363 314 280 262 236 206 190 178 199 226 267 308 339 379 420 449 484 530 587 628 611 589 592 595 582 578 599 609 642 700 768 827 876 917 902 863 821 744 697 767 814 735 639 544 465 391 400 467 523 531 571 644 653 599 570 591 671 772 864 946 1037
376 361 419 483 553 623 665 685 686 694 713 731 755 770 786 798 799 801 783 771 761 727 672 613 556 515 456 390 330 297 276 247 219 198 188 212 259 308 357 391 434 487 515 539 572 629 677 650 628 642 643 638 615 632 667 680 721 777 838 902 950 943 900 861 772 745 826 837 752 667 585 502 404 412 491 574 599 618 690 746 688 664 633 647 731 830 906 988
418 376 396 456 522 598 656 684 702 715 740 760 766 767 773 778 785 798 790 777 768 748 690 634 587 540 474 404 351 322 279 249 234 216 200 225 281 345 396 436 488 537 570 594 625 680 722 698 667 691 687 678 665 661 708 738 759 792 851 917 968 982 942 900 827 814 877 855 774 681 584 498 420 427 514 600 654 676 731 806 781 750 719 688 696 776 854 921
461 417 405 458 501 559 609 650 696 728 754 763 761 760 762 766 777 785 784 777 771 758 701 655 609 547 479 417 379 335 289 266 250 237 221 246 300 353 418 470 524 570 627 663 691 736 779 770 727 751 754 728 717 708 713 761 811 828 859 918 976 1022 988 957 902 888 909 832 742 624 542 504 486 455 538 616 689 735 781 842 872 841 808 792 766 786 854 915
506 466 438 466 512 551 597 653 699 730 754 762 759 757 757 759 766 769 772 774 771 762 723 674 621 556 496 449 420 382 337 282 261 268 251 272 328 375 435 505 564 622 688 720 740 773 797 813 801 811 811 779 768 770 764 778 830 886 911 944 999 1060 1050 1024 988 955 877 767 683 617 622 613 553 483 545 629 715 790 827 880 946 961 930 894 868 846 901 997
551 514 492 490 534 583 629 674 710 733 755 762 759 755 752 754 759 759 761 761 763 762 738 696 642 576 524 488 459 418 359 297 285 308 290 294 349 413 479 540 584 628 665 680 685 695 730 786 816 811 820 818 816 832 832 832 854 905 950 988 1037 1105 1129 1104 1078 992 863 751 694 705 733 681 611 516 546 630 721 806 858 914 1011 1087 1082 1034 968 916 934 1055
600 568 549 541 577 616 658 698 721 739 753 758 758 749 743 745 746 748 746 738 745 756 735 706 665 608 564 526 472 413 365 328 324 332 324 339 394 448 489 509 510 529 563 570 575 609 677 716 766 757 757 789 823 858 869 877 890 916 947 992 1048 1111 1172 1186 1152 1025 894 793 786 812 795 750 687 583 572 635 710 793 858 931 1042 1141 1183 1162 1076 1008 987 1075
644 619 601 589 626 654 681 699 719 737 736 736 749 742 733 732 734 736 729 723 735 739 718 694 662 615 567 522 470 421 383 369 358 352 358 376 400 430 435 430 437 453 461 466 497 565 625 659 710 718 678 705 759 808 828 836 851 888 940 999 1043 1080 1132 1191 1183 1067 930 872 897 899 863 810 720 645 613 653 699 768 834 910 1011 1133 1241 1261 1185 1125 1078 1102
649 658 647 645 673 688 699 700 712 720 718 720 742 739 725 719 724 726 717 727 741 733 705 667 635 589 550 515 469 416 384 374 363 354 353 356 358 381 376 347 347 365 371 398 466 525 547 584 649 664 617 638 691 730 745 792 844 893 939 984 1029 1066 1116 1178 1218 1140 1009 979 1006 983 912 843 783 715 653 686 740 773 841 925 1013 1118 1230 1292 1283 1233 1200 1183
