components/klab.component.landcover/etc/demofiles/alt.asc
ncols         320
nrows         270
xllcorner     436000
yllcorner     1356000
cellsize      100
NODATA_value  -9999
[rows 117 to 155 of 270, columns 88 to 175 of 320]
171 170 134 102 123 164 137 101 116 121 124 122 104 38 59 97 77 36 18 36 58 46 16 9 14 52 89 96 65 57 79 107 121 117 109 123 146 139 83 81 112 133 147 167 197 226 251 245 229 200 245 329 392 412 459 501 550 598 617 617 636 689 751 818 898 965 1006 993 993 1029 1072 1128 1196 1256 1299 1329 1358 1400 1446 1441 1429 1419 1420 1439 1452 1449 1472 1530
152 157 124 96 115 148 128 97 103 104 100 100 92 54 32 77 66 43 18 23 37 19 9 10 14 44 78 72 52 59 82 102 113 107 102 119 143 135 86 66 98 118 123 134 160 176 181 176 185 228 309 391 459 487 530 574 612 656 685 697 714 756 795 837 895 939 953 909 904 963 1024 1087 1150 1212 1262 1286 1301 1326 1373 1361 1348 1348 1342 1340 1360 1374 1397 1431
131 139 121 92 118 128 114 89 92 99 87 84 76 64 21 52 54 27 12 10 15 9 8 12 20 41 55 49 50 57 69 87 94 95 107 124 137 116 71 54 72 86 89 104 130 143 156 175 217 288 373 443 516 566 601 625 648 670 677 678 700 732 756 790 829 851 864 831 826 912 987 1049 1110 1167 1219 1242 1219 1227 1294 1285 1261 1276 1273 1245 1271 1296 1325 1354
109 111 112 80 96 113 106 77 87 100 85 72 49 54 29 30 55 25 10 7 7 8 7 10 16 29 40 45 51 56 63 73 88 100 115 123 113 82 53 58 66 67 86 118 137 169 201 214 244 294 371 454 525 568 592 591 599 618 623 627 657 690 720 741 758 754 757 734 771 874 941 998 1073 1132 1163 1176 1146 1148 1215 1216 1174 1185 1185 1171 1190 1224 1265 1295
94 91 84 65 80 86 76 70 94 105 91 66 58 43 25 11 28 18 6 7 8 8 7 9 17 27 42 48 56 62 71 80 98 107 116 112 82 54 51 82 94 84 87 121 163 216 259 288 312 353 388 437 494 525 545 539 548 561 564 591 623 651 664 668 668 655 666 663 721 811 875 942 1015 1071 1073 1081 1058 1074 1129 1128 1094 1109 1108 1102 1113 1158 1192 1232
84 81 67 50 50 52 57 74 78 92 92 55 45 29 15 8 7 6 4 6 7 7 7 23 44 47 50 53 60 69 77 85 101 108 104 81 51 40 66 99 114 113 105 120 166 218 269 315 350 394 429 457 463 476 482 476 498 497 498 545 584 608 598 585 583 576 596 627 682 742 803 881 955 986 971 999 969 982 1013 1028 1014 1042 1043 1038 1068 1103 1122 1169
80 67 49 47 38 52 78 71 62 75 81 48 21 15 14 9 5 4 5 6 7 7 9 36 51 53 52 55 64 78 83 87 97 89 60 38 36 43 86 112 125 133 133 136 166 208 243 273 314 366 410 435 417 409 410 415 437 425 454 509 537 535 530 512 515 502 524 577 619 664 738 817 890 894 873 912 885 886 892 904 937 986 972 985 1037 1048 1067 1097
73 57 27 30 36 63 81 65 47 50 73 65 27 8 9 8 5 5 5 6 6 8 24 45 53 54 55 56 69 82 88 87 86 58 34 47 54 70 94 110 128 141 149 157 172 194 213 244 293 338 363 381 368 351 358 367 376 376 414 453 465 454 456 436 449 433 468 523 556 616 690 756 810 796 779 808 797 786 796 856 898 901 896 955 1013 1000 1025 1059
59 34 26 45 56 77 82 64 50 40 69 79 41 12 9 7 5 5 5 7 10 18 36 48 53 56 57 61 77 85 86 73 58 30 41 72 87 92 96 104 122 136 150 161 171 179 198 230 266 293 297 315 320 303 309 321 321 346 368 380 382 369 381 363 371 369 423 468 504 574 635 690 727 707 691 713 717 698 750 808 799 802 873 945 958 959 1006 1072
43 23 31 59 79 100 83 49 42 38 43 53 48 14 9 6 4 5 5 17 28 37 44 47 51 56 60 66 73 67 45 29 25 32 47 72 86 90 94 99 113 130 144 154 158 166 183 212 235 236 246 273 264 251 258 266 280 317 319 309 292 275 287 288 292 308 357 411 470 524 570 619 639 618 607 624 638 650 689 711 715 793 875 885 889 941 998 1053
13 12 25 51 64 85 84 48 36 40 35 17 17 10 6 4 4 4 4 13 33 40 41 43 48 51 47 38 26 18 15 15 28 44 56 71 81 86 90 96 105 122 138 144 145 155 168 186 193 184 219 238 220 200 203 204 216 244 232 223 225 249 248 262 273 280 300 366 449 475 508 530 523 514 514 537 566 588 596 623 676 757 794 813 863 897 940 1007
6 7 16 30 44 70 80 47 26 42 58 35 9 8 4 3 4 4 4 9 27 36 37 40 40 26 13 9 11 23 38 33 47 56 61 70 79 83 87 93 101 113 125 128 128 139 152 161 148 159 187 175 142 124 144 160 164 175 195 222 274 332 340 362 373 365 345 330 383 390 398 407 408 424 448 474 491 521 562 590 623 669 702 761 808 853 921 996
5 6 9 13 22 50 68 36 14 35 54 26 9 5 3 4 4 4 5 10 23 31 33 29 16 10 9 10 17 39 45 48 53 57 62 70 77 80 84 90 96 103 108 106 109 123 135 129 115 121 115 104 107 151 226 236 222 208 243 291 339 379 420 451 472 475 437 375 342 368 408 441 460 486 539 557 533 580 646 670 677 700 719 775 838 884 947 1021
4 5 5 5 5 34 60 38 8 16 25 10 9 5 3 4 4 4 6 10 22 27 29 17 9 9 10 19 31 41 43 47 53 58 62 69 74 78 81 85 89 93 95 95 97 110 115 97 87 90 100 124 163 227 291 306 300 290 317 358 405 426 450 488 528 548 507 455 404 441 504 555 579 599 656 683 643 660 733 797 823 818 820 888 968 977 982 1066
4 4 4 2 1 8 18 13 3 2 3 7 6 3 3 4 4 5 6 8 15 18 22 12 8 10 15 25 33 38 42 46 51 57 62 66 71 74 78 81 82 84 86 93 98 103 88 78 88 121 156 191 223 278 318 335 339 345 360 388 424 449 470 496 559 592 562 535 493 500 555 614 662 670 738 792 759 766 835 900 945 961 960 1010 1089 1095 1040 1086
-9999 -9999 4 3 1 1 1 0 0 0 2 3 3 3 4 4 5 6 7 9 10 9 8 6 7 10 16 23 33 39 42 45 49 55 59 63 66 69 73 75 76 78 81 94 101 97 77 100 135 170 210 239 270 306 320 322 326 344 354 370 391 432 457 479 539 605 615 601 566 555 620 689 741 758 783 846 839 853 906 973 1041 1064 1065 1094 1156 1188 1142 1114
-9999 -9999 -9999 -9999 3 2 2 2 2 1 2 3 3 3 4 5 6 7 9 10 10 9 6 7 10 16 22 25 33 39 42 44 47 51 56 60 62 64 67 68 70 72 80 92 99 83 80 122 170 211 237 255 268 274 281 283 285 293 303 323 351 394 423 459 512 562 606 647 644 611 657 748 819 847 838 887 910 925 968 1034 1099 1123 1121 1157 1220 1255 1251 1200
-9999 -9999 -9999 -9999 -9999 5 4 4 4 3 3 3 3 3 4 5 6 7 9 9 9 7 6 9 20 21 23 27 31 36 39 43 45 48 52 55 57 58 59 61 67 72 78 85 85 70 93 143 193 227 233 222 208 207 227 244 246 273 310 340 361 376 393 432 472 515 561 624 687 708 711 776 862 913 912 941 981 996 1041 1095 1153 1193 1190 1216 1282 1308 1324 1295
-9999 -9999 -9999 -9999 -9999 -9999 6 6 5 4 2 2 3 3 4 4 6 7 8 8 7 6 6 11 16 14 20 25 27 31 37 41 43 45 48 50 52 56 58 62 69 73 74 73 66 62 88 141 193 206 186 155 141 162 189 218 246 288 332 363 388 408 413 418 452 494 541 595 665 742 790 828 895 954 975 994 1032 1051 1058 1077 1121 1176 1212 1247 1294 1331 1358 1363
-9999 -9999 -9999 -9999 -9999 -9999 -9999 6 5 4 2 2 2 3 4 4 5 6 7 7 5 5 6 6 7 7 10 12 14 22 32 38 42 45 48 49 53 64 70 71 71 72 68 54 55 67 95 140 173 149 117 110 146 191 226 253 283 308 336 366 393 430 436 423 440 485 525 564 630 708 778 829 879 933 984 1010 992 988 988 1018 1075 1128 1162 1201 1249 1294 1330 1363
-9999 -9999 -9999 -9999 -9999 -9999 -9999 -9999 5 3 2 2 2 3 3 4 5 6 6 5 5 5 6 8 8 10 10 10 18 33 41 43 46 51 62 67 76 80 80 75 68 67 61 44 61 79 100 139 142 99 86 116 168 216 255 288 310 325 339 359 386 422 406 385 410 464 501 539 599 667 734 781 828 872 932 952 921 918 941 978 1031 1070 1097 1146 1202 1243 1264 1287
-9999 -9999 -9999 -9999 -9999 -9999 -9999 -9999 -9999 3 2 2 2 3 3 4 5 5 5 4 4 5 5 9 10 17 21 26 43 53 53 56 63 77 84 81 81 81 78 67 59 60 61 40 39 58 91 124 111 74 93 137 187 226 265 296 317 331 345 360 378 386 350 335 386 440 486 530 571 615 665 708 772 829 872 878 854 855 913 956 985 1013 1046 1097 1148 1171 1187 1212
-9999 -9999 -9999 -9999 -9999 -9999 -9999 -9999 -9999 -9999 2 2 2 2 3 4 4 5 5 4 4 5 5 8 9 12 23 36 53 60 59 66 81 86 79 68 70 73 67 58 54 57 56 38 27 34 80 108 80 67 94 146 196 230 265 293 314 329 342 351 344 326 288 319 372 416 467 519 547 562 590 646 710 778 793 801 798 811 874 917 935 960 1003 1055 1090 1104 1118 1147
-9999 -9999 -9999 -9999 -9999 -9999 -9999 -9999 -9999 -9999 3 2 2 2 3 3 4 5 5 4 4 4 5 11 22 34 37 55 61 58 57 67 82 81 63 52 53 57 54 50 47 48 43 32 24 35 84 83 59 77 99 142 188 226 255 282 300 316 329 325 306 282 254 302 344 405 453 502 516 511 553 618 684 711 711 734 740 766 823 862 884 915 961 1002 1021 1028 1044 1091
-9999 -9999 -9999 -9999 -9999 -9999 -9999 -9999 -9999 -9999 -9999 2 1 2 2 3 4 4 4 3 4 4 3 4 24 57 61 63 53 43 60 79 85 78 58 43 36 42 43 42 40 41 36 24 20 39 71 55 61 87 97 111 155 205 244 270 285 300 313 298 269 239 221 261 340 414 455 476 460 497 562 622 652 647 648 668 678 721 767 798 831 865 907 936 951 953 979 1035
-9999 -9999 -9999 -9999 -9999 -9999 -9999 -9999 -9999 -9999 -9999 -9999 1 2 2 2 3 3 3 3 4 4 2 1 12 37 49 45 32 35 62 82 83 75 63 49 34 33 35 36 35 34 27 19 18 39 55 42 72 87 89 90 131 188 233 253 268 283 288 267 239 204 199 253 332 401 436 424 445 512 566 599 602 595 607 618 633 684 717 743 783 827 855 876 886 891 931 983
-9999 -9999 -9999 -9999 -9999 -9999 -9999 -9999 -9999 -9999 -9999 -9999 -9999 1 2 2 2 3 3 3 3 4 2 0 1 4 8 10 16 34 55 77 80 70 60 57 34 29 29 30 29 27 22 18 17 42 47 40 73 84 78 78 114 174 213 229 251 266 265 246 212 172 193 252 315 365 390 393 447 502 540 550 545 549 569 575 599 645 671 704 743 779 801 816 821 823 883 942
-9999 -9999 -9999 -9999 -9999 -9999 -9999 -9999 -9999 -9999 -9999 -9999 -9999 -9999 -9999 -9999 -9999 3 3 3 2 3 2 0 0 0 0 1 8 25 42 68 79 72 44 37 29 26 25 25 25 24 21 17 15 35 37 37 74 73 61 72 104 156 180 200 234 250 244 230 185 139 180 236 281 328 344 388 435 462 493 495 487 510 538 546 569 608 646 678 713 735 750 761 761 784 842 893
-9999 -9999 -9999 -9999 -9999 -9999 -9999 -9999 -9999 -9999 -9999 -9999 -9999 -9999 -9999 -9999 -9999 -9999 -9999 2 1 1 1 1 0 0 0 1 2 17 45 65 68 55 39 21 21 22 22 21 22 22 19 16 14 27 23 34 73 59 53 74 95 118 138 184 219 232 222 209 158 113 167 220 249 283 303 341 363 396 421 441 454 482 507 527 568 588 612 629 653 673 692 707 705 749 794 841
-9999 -9999 -9999 -9999 -9999 -9999 -9999 -9999 -9999 -9999 -9999 -9999 -9999 -9999 -9999 -9999 -9999 -9999 -9999 -9999 -9999 1 1 1 0 0 0 0 0 9 26 30 25 18 17 13 15 17 18 18 19 20 20 15 14 19 19 39 65 49 49 71 80 84 112 156 192 208 196 168 119 100 146 188 218 260 295 321 347 382 405 429 454 480 506 535 545 535 555 570 594 608 622 639 643 710 746 788
-9999 -9999 -9999 -9999 -9999 -9999 -9999 -9999 -9999 -9999 -9999 -9999 -9999 -9999 -9999 -9999 -9999 -9999 -9999 -9999 -9999 -9999 -9999 1 -9999 -9999 -9999 0 0 3 8 8 7 5 5 6 9 11 13 15 17 19 19 14 13 16 19 42 58 40 42 55 63 73 96 122 159 169 154 122 86 97 151 201 244 290 344 392 411 435 457 479 494 512 520 522 495 484 500 512 534 547 561 571 602 664 699 740
-9999 -9999 -9999 -9999 -9999 -9999 -9999 -9999 -9999 -9999 -9999 -9999 -9999 -9999 -9999 -9999 -9999 -9999 -9999 -9999 -9999 -9999 -9999 -9999 -9999 -9999 -9999 -9999 -9999 3 8 8 7 4.2 3 4 5 8 10 11 13 15 13 9 10 13 15 25 32 28 36 37 48 65 78 95 119 122 110 90 73 104 168 225 264 302 351 404 442 461 485 504 496 475 472 474 454 452 451 448 463 466 486 527 576 617 651 686
-9999 -9999 -9999 -9999 -9999 -9999 -9999 -9999 -9999 -9999 -9999 -9999 -9999 -9999 -9999 -9999 -9999 -9999 -9999 -9999 -9999 -9999 -9999 -9999 -9999 -9999 -9999 -9999 -9999 -9999 -9999 -9999 5.7 -9999 3 4.3 5 6 7 8 9 10 8 8 9 11 12 14 15 18 21 25 41 54 59 73 87 85 82 70 63 92 149 217 258 305 349 387 422 445 467 479 452 421 412 425 412 405 394 380 393 400 413 479 541 572 602 633
-9999 -9999 -9999 -9999 -9999 -9999 -9999 -9999 -9999 -9999 -9999 -9999 -9999 -9999 -9999 -9999 -9999 -9999 -9999 -9999 -9999 -9999 -9999 -9999 -9999 -9999 -9999 -9999 -9999 -9999 -9999 -9999 -9999 -9999 -9999 -9999 -9999 -9999 5 6 6 6 7 7 8 10 11 12 14 14 17 23 32 38 44 53 67 72 66 57 59 83 124 192 237 282 321 361 406 434 449 440 413 381 367 376 369 367 354 381 416 441 451 465 499 536 562 594
-9999 -9999 -9999 -9999 -9999 -9999 -9999 -9999 -9999 -9999 -9999 -9999 -9999 -9999 -9999 -9999 -9999 -9999 -9999 -9999 -9999 -9999 -9999 -9999 -9999 -9999 -9999 -9999 -9999 -9999 -9999 -9999 -9999 -9999 -9999 -9999 -9999 -9999 4 4 5 6 6 7 8 9 10 11 13 13 15 19 23 28 34 39 43 39 35 42 59 77 106 161 211 258 302 354 390 412 414 405 375 339 324 328 324 338 337 365 410 463 506 525 531 545 563 592
-9999 -9999 -9999 -9999 -9999 -9999 -9999 -9999 -9999 -9999 -9999 -9999 -9999 -9999 -9999 -9999 -9999 -9999 -9999 -9999 -9999 -9999 -9999 -9999 -9999 -9999 -9999 -9999 -9999 -9999 -9999 -9999 -9999 -9999 -9999 -9999 -9999 -9999 -9999 3 4 5 5 6 7 8 9 10 11 11 13 16 18 20 23 24 20 22 29 41 56 73 94 135 185 238 279 320 356 373 370 357 321 262 240 270 296 315 328 353 389 451 516 564 592 601 622 623
-9999 -9999 -9999 -9999 -9999 -9999 -9999 -9999 -9999 -9999 -9999 -9999 -9999 -9999 -9999 -9999 -9999 -9999 -9999 -9999 -9999 -9999 -9999 -9999 -9999 -9999 -9999 -9999 -9999 -9999 -9999 -9999 -9999 -9999 -9999 -9999 -9999 -9999 -9999 3 3 3 4 5 6 7 7 8 9 9 12 14 15 17 19 19 19 24 31 40 49 62 80 113 163 214 250 285 315 327 323 308 257 200 233 293 323 335 366 381 420 443 497 561 613 641 672 688
-9999 -9999 -9999 -9999 -9999 -9999 -9999 -9999 -9999 -9999 -9999 -9999 -9999 -9999 -9999 -9999 -9999 -9999 -9999 -9999 -9999 -9999 -9999 -9999 -9999 -9999 -9999 -9999 -9999 -9999 -9999 -9999 -9999 -9999 -9999 -9999 -9999 -9999 -9999 -9999 -9999 2 3 3 4 6 6 6 7 7 10 12 13 15 16 16 20 24 29 35 40 52 66 91 128 168 206 243 258 260 250 254 200 204 260 309 346 381 419 424 454 495 509 529 583 635 686 736
-9999 -9999 -9999 -9999 -9999 -9999 -9999 -9999 -9999 -9999 -9999 -9999 -9999 -9999 -9999 -9999 -9999 -9999 -9999 -9999 -9999 -9999 -9999 -9999 -9999 -9999 -9999 -9999 -9999 -9999 -9999 -9999 -9999 -9999 -9999 -9999 -9999 -9999 -9999 -9999 -9999 -9999 3 3 3 4 5 5 5 6 8 10 11 12 13 15 18 21 25 28 29 39 54 72 94 124 169 191 187 169 168 195 184 237 300 335 356 386 425 450 474 509 546 575 602 635 669 723
