components/klab.component.landcover/etc/demofiles/alt.asc
ncols         320
nrows         270
xllcorner     436000
yllcorner     1356000
cellsize      100
NODATA_value  -9999
[rows 0 to 38 of 270, columns 176 to 263 of 320]
-9999 -9999 -9999 -9999 -9999 -9999 -9999 -9999 -9999 -9999 -9999 -9999 -9999 -9999 -9999 -9999 -9999 -9999 -9999 -9999 -9999 -9999 -9999 -9999 -9999 -9999 -9999 -9999 -9999 -9999 -9999 -9999 -9999 -9999 -9999 -9999 -9999 -9999 -9999 -9999 -9999 -9999 -9999 -9999 -9999 -9999 -9999 -9999 -9999 -9999 -9999 -9999 -9999 -9999 -9999 -9999 -9999 -9999 -9999 -9999 -9999 -9999 -9999 -9999 -9999 -9999 -9999 -9999 -9999 -9999 -9999 -9999 -9999 -9999 -9999 -9999 -9999 -9999 -9999 -9999 -9999 -9999 -9999 -9999 -9999 -9999 -9999 -9999
-9999 -9999 -9999 -9999 -9999 -9999 -9999 -9999 -9999 -9999 -9999 -9999 -9999 -9999 -9999 -9999 -9999 -9999 -9999 -9999 -9999 -9999 -9999 -9999 -9999 -9999 -9999 -9999 -9999 -9999 -9999 -9999 -9999 -9999 -9999 -9999 -9999 -9999 -9999 -9999 -9999 -9999 -9999 -9999 -9999 -9999 -9999 -9999 -9999 -9999 -9999 -9999 -9999 -9999 -9999 -9999 -9999 -9999 -9999 -9999 -9999 -9999 -9999 -9999 -9999 -9999 -9999 -9999 -9999 -9999 -9999 -9999 -9999 -9999 -9999 -9999 -9999 -9999 -9999 -9999 -9999 -9999 -9999 -9999 -9999 -9999 -9999 -9999
-9999 -9999 -9999 -9999 -9999 -9999 -9999 -9999 -9999 -9999 -9999 -9999 -9999 -9999 -9999 -9999 -9999 -9999 -9999 -9999 -9999 -9999 -9999 -9999 -9999 -9999 -9999 -9999 -9999 -9999 -9999 -9999 -9999 -9999 -9999 -9999 -9999 -9999 -9999 -9999 -9999 -9999 -9999 -9999 -9999 -9999 -9999 -9999 -9999 -9999 -9999 -9999 -9999 -9999 -9999 -9999 -9999 -9999 -9999 -9999 -9999 -9999 -9999 -9999 -9999 -9999 -9999 -9999 -9999 -9999 -9999 -9999 -9999 -9999 -9999 -9999 -9999 -9999 -9999 -9999 -9999 -9999 -9999 -9999 -9999 -9999 -9999 -9999
-9999 -9999 -9999 -9999 -9999 -9999 -9999 -9999 -9999 -9999 -9999 -9999 -9999 -9999 -9999 -9999 -9999 -9999 -9999 -9999 -9999 -9999 -9999 -9999 -9999 -9999 -9999 -9999 -9999 -9999 -9999 -9999 -9999 -9999 -9999 -9999 -9999 -9999 -9999 -9999 -9999 -9999 -9999 -9999 -9999 -9999 -9999 -9999 -9999 -9999 -9999 -9999 -9999 -9999 -9999 -9999 -9999 -9999 -9999 -9999 -9999 -9999 -9999 -9999 -9999 -9999 -9999 -9999 -9999 -9999 -9999 -9999 -9999 -9999 -9999 -9999 -9999 -9999 -9999 -9999 -9999 -9999 -9999 -9999 -9999 -9999 -9999 -9999
-9999 -9999 -9999 -9999 -9999 -9999 -9999 -9999 -9999 -9999 -9999 -9999 -9999 -9999 -9999 -9999 -9999 -9999 -9999 -9999 -9999 -9999 -9999 -9999 -9999 -9999 -9999 -9999 -9999 -9999 -9999 -9999 -9999 -9999 -9999 -9999 -9999 -9999 -9999 -9999 -9999 -9999 -9999 -9999 -9999 -9999 -9999 -9999 -9999 -9999 -9999 -9999 -9999 -9999 -9999 -9999 -9999 -9999 -9999 -9999 -9999 -9999 -9999 -9999 -9999 -9999 -9999 -9999 -9999 -9999 -9999 -9999 -9999 -9999 -9999 -9999 -9999 -9999 -9999 -9999 -9999 -9999 -9999 -9999 -9999 -9999 -9999 -9999
-9999 -9999 -9999 -9999 -9999 -9999 -9999 -9999 -9999 -9999 -9999 -9999 -9999 -9999 -9999 -9999 -9999 -9999 -9999 -9999 -9999 -9999 -9999 -9999 -9999 -9999 -9999 -9999 -9999 -9999 -9999 -9999 -9999 -9999 -9999 -9999 -9999 -9999 -9999 -9999 -9999 -9999 -9999 -9999 -9999 -9999 -9999 -9999 -9999 -9999 -9999 -9999 -9999 -9999 -9999 -9999 -9999 -9999 -9999 -9999 -9999 -9999 -9999 -9999 -9999 -9999 -9999 -9999 -9999 -9999 -9999 -9999 -9999 -9999 -9999 -9999 -9999 -9999 -9999 -9999 -9999 -9999 -9999 -9999 -9999 -9999 -9999 -9999
-9999 -9999 -9999 -9999 -9999 -9999 -9999 -9999 -9999 -9999 -9999 -9999 -9999 -9999 -9999 -9999 -9999 -9999 -9999 -9999 -9999 -9999 -9999 -9999 -9999 -9999 -9999 -9999 -9999 -9999 -9999 -9999 -9999 -9999 -9999 -9999 -9999 -9999 -9999 -9999 -9999 -9999 -9999 -9999 -9999 -9999 -9999 -9999 -9999 -9999 -9999 -9999 -9999 -9999 -9999 -9999 -9999 -9999 -9999 -9999 -9999 -9999 -9999 -9999 -9999 -9999 -9999 -9999 -9999 -9999 -9999 -9999 -9999 -9999 -9999 -9999 -9999 -9999 -9999 -9999 -9999 -9999 -9999 -9999 -9999 -9999 -9999 -9999
-9999 -9999 -9999 -9999 -9999 -9999 -9999 -9999 -9999 -9999 -9999 -9999 -9999 -9999 -9999 -9999 -9999 -9999 -9999 -9999 -9999 -9999 -9999 -9999 -9999 -9999 -9999 -9999 -9999 -9999 -9999 -9999 -9999 -9999 -9999 -9999 -9999 -9999 -9999 -9999 -9999 -9999 -9999 -9999 -9999 -9999 -9999 -9999 -9999 -9999 -9999 -9999 -9999 -9999 -9999 -9999 -9999 -9999 -9999 -9999 -9999 -9999 -9999 -9999 -9999 -9999 -9999 -9999 -9999 -9999 -9999 -9999 -9999 -9999 -9999 -9999 -9999 -9999 -9999 -9999 -9999 -9999 -9999 -9999 -9999 -9999 -9999 -9999
-9999 -9999 -9999 -9999 -9999 -9999 -9999 -9999 -9999 -9999 -9999 -9999 -9999 -9999 -9999 -9999 -9999 -9999 -9999 -9999 -9999 -9999 -9999 -9999 -9999 -9999 -9999 -9999 -9999 -9999 -9999 -9999 -9999 -9999 -9999 -9999 -9999 -9999 -9999 -9999 -9999 -9999 -9999 -9999 -9999 -9999 -9999 -9999 -9999 -9999 -9999 -9999 -9999 -9999 -9999 -9999 -9999 -9999 -9999 -9999 -9999 -9999 -9999 -9999 -9999 -9999 -9999 -9999 -9999 -9999 -9999 -9999 -9999 -9999 -9999 -9999 -9999 -9999 -9999 -9999 -9999 -9999 -9999 -9999 -9999 -9999 -9999 -9999
-9999 -9999 -9999 -9999 -9999 -9999 -9999 -9999 -9999 -9999 -9999 -9999 -9999 -9999 -9999 -9999 -9999 -9999 -9999 -9999 -9999 -9999 -9999 -9999 -9999 -9999 -9999 -9999 -9999 -9999 -9999 -9999 -9999 -9999 -9999 -9999 -9999 -9999 -9999 -9999 -9999 -9999 -9999 -9999 -9999 -9999 -9999 -9999 -9999 -9999 -9999 -9999 -9999 -9999 -9999 -9999 -9999 -9999 -9999 -9999 -9999 -9999 -9999 -9999 -9999 -9999 -9999 -9999 -9999 -9999 -9999 -9999 -9999 -9999 -9999 -9999 -9999 -9999 -9999 -9999 -9999 -9999 -9999 -9999 -9999 -9999 -9999 -9999
-9999 -9999 -9999 -9999 -9999 -9999 -9999 -9999 -9999 -9999 -9999 -9999 -9999 -9999 -9999 -9999 -9999 -9999 -9999 -9999 -9999 -9999 -9999 -9999 -9999 -9999 -9999 -9999 -9999 -9999 -9999 -9999 -9999 -9999 -9999 -9999 -9999 -9999 -9999 -9999 -9999 -9999 -9999 -9999 -9999 -9999 -9999 -9999 -9999 -9999 -9999 -9999 -9999 -9999 -9999 -9999 -9999 -9999 -9999 -9999 -9999 -9999 -9999 -9999 -9999 -9999 -9999 -9999 -9999 -9999 -9999 -9999 -9999 -9999 -9999 -9999 -9999 -9999 -9999 -9999 -9999 -9999 -9999 -9999 -9999 -9999 -9999 -9999
20 20 21 11 6 5 5 3 -9999 -9999 -9999 -9999 -9999 -9999 -9999 -9999 -9999 -9999 -9999 -9999 -9999 -9999 -9999 -9999 -9999 -9999 -9999 -9999 -9999 -9999 -9999 -9999 -9999 -9999 -9999 -9999 -9999 -9999 -9999 -9999 -9999 -9999 -9999 -9999 -9999 -9999 -9999 -9999 -9999 -9999 -9999 -9999 -9999 -9999 -9999 -9999 -9999 -9999 -9999 -9999 -9999 -9999 -9999 -9999 -9999 -9999 -9999 -9999 -9999 -9999 -9999 -9999 -9999 -9999 -9999 -9999 -9999 -9999 -9999 -9999 -9999 -9999 -9999 -9999 -9999 -9999 -9999 -9999
70 79 70 36 12 9 11 12 10 4 0 0 1 -9999 -9999 -9999 -9999 -9999 -9999 -9999 -9999 -9999 -9999 -9999 -9999 -9999 -9999 -9999 -9999 2 2 2 2 3 4 -9999 -9999 -9999 -9999 -9999 -9999 -9999 -9999 -9999 -9999 -9999 -9999 -9999 -9999 -9999 -9999 -9999 -9999 -9999 -9999 -9999 -9999 -9999 -9999 -9999 -9999 -9999 -9999 -9999 -9999 -9999 -9999 -9999 -9999 -9999 -9999 -9999 -9999 -9999 -9999 -9999 -9999 -9999 -9999 -9999 -9999 -9999 -9999 -9999 -9999 -9999 -9999 -9999
129 126 90 44 14 14 40 68 69 46 23 14 10 4 3 9 -9999 -9999 -9999 -9999 -9999 -9999 -9999 -9999 -9999 -9999 -9999 3 3 2 1 1 2 3 4 5 5 3 -9999 -9999 -9999 -9999 -9999 -9999 -9999 -9999 -9999 -9999 0 0 0 0 -9999 -9999 -9999 0 0 0 -9999 -9999 -9999 -9999 -9999 -9999 -9999 -9999 -9999 -9999 -9999 -9999 -9999 -9999 -9999 -9999 -9999 -9999 -9999 -9999 -9999 -9999 -9999 -9999 -9999 -9999 -9999 -9999 -9999 -9999
170 147 75 22 20 19 54 115 132 109 82 62 43 23 17 29 22 13 6 1 -9999 -9999 -9999 -9999 -9999 1 1 3 2 1 0 0 1 2 5 7 5 3 2 1 0 0 -9999 -9999 0 0 0 0 0 0 0 0 0 0 0 0 0 0 0 1 1 1 1 2 2 2 -9999 -9999 -9999 -9999 -9999 -9999 -9999 -9999 -9999 -9999 -9999 -9999 -9999 -9999 -9999 -9999 -9999 -9999 -9999 -9999 -9999 -9999
181 146 59 27 56 46 51 125 179 173 140 125 111 81 49 49 50 26 10 4 1 0 -9999 -9999 1 1 1 2 4 15 4 0 1 1 8 11 7 3 2 1 0 0 0 0 0 0 0 0 0 0 0 0 0 0 0 0 0 1 1 1 1 2 2 2 2 2 2 -9999 -9999 -9999 -9999 -9999 -9999 -9999 -9999 -9999 -9999 -9999 -9999 -9999 -9999 -9999 -9999 -9999 -9999 -9999 -9999 -9999
183 130 59 68 102 82 55 102 178 217 208 187 172 128 107 108 85 46 22 15 6 2 0 0 1 1 0 1 8 24 14 3 2 2 16 23 12 5 5 3 1 0 0 0 0 0 0 0 0 0 0 0 0 0 1 1 1 1 1 1 2 2 3 3 3 3 3 3 -9999 -9999 -9999 -9999 -9999 -9999 -9999 -9999 -9999 -9999 -9999 -9999 -9999 -9999 -9999 -9999 -9999 -9999 -9999 -9999
164 114 77 117 150 128 95 99 144 203 240 245 216 167 168 161 124 87 61 41 17 7 2 0 1 1 1 2 3 19 10 5 3 3 18 41 19 11 13 7 2 1 0 0 0 0 0 0 0 0 0 0 0 1 1 1 1 1 1 2 2 2 3 3 4 4 4 4 -9999 -9999 -9999 -9999 -9999 -9999 -9999 -9999 -9999 -9999 -9999 -9999 -9999 -9999 -9999 -9999 -9999 -9999 -9999 -9999
170 120 81 119 164 177 161 149 156 190 245 290 268 233 226 207 166 136 96 54 26 11 3 0 1 1 2 2 5 13 5 4 7 4 23 50 24 31 40 18 7 3 1 1 1 2 1 1 0 0 0 0 1 1 1 1 2 2 2 2 3 3 3 4 4 4 5 5 -9999 -9999 -9999 -9999 -9999 -9999 -9999 -9999 -9999 -9999 -9999 -9999 -9999 -9999 -9999 -9999 -9999 -9999 -9999 -9999
196 148 97 110 164 209 214 206 205 229 272 319 320 284 268 244 200 149 92 48 20 12 7 2 2 2 3 2 12 14 5 6 10 7 39 57 42 65 49 21 21 8 4 4 6 6 5 3 2 1 1 1 1 2 2 2 2 2 2 3 3 3 4 4 5 6 6 6 -9999 -9999 -9999 -9999 -9999 -9999 -9999 -9999 -9999 -9999 -9999 -9999 -9999 -9999 -9999 -9999 -9999 -9999 -9999 -9999
232 179 120 120 182 218 236 238 245 264 290 312 303 243 213 196 169 128 67 30 25 37 36 20 6 3 3 4 9 8 7 15 11 6 28 54 68 75 45 39 38 13 9 11 13 13 10 7 4 2 2 2 2 2 2 3 3 4 3 3 3 3 4 5 6 7 8 8 -9999 -9999 -9999 -9999 -9999 -9999 -9999 -9999 -9999 -9999 -9999 -9999 -9999 -9999 -9999 -9999 -9999 -9999 -9999 -9999
227 175 129 115 147 179 202 221 237 249 272 298 298 230 173 142 110 86 50 54 82 88 83 62 18 4 6 9 14 11 14 32 32 18 11 30 64 58 54 47 21 10 15 17 19 19 15 11 7 4 3 3 2 3 3 4 4 4 4 4 4 4 5 6 7 8 9 9 9 -9999 -9999 -9999 -9999 -9999 -9999 -9999 -9999 -9999 -9999 -9999 -9999 -9999 -9999 -9999 -9999 -9999 -9999 -9999
198 170 147 142 136 146 172 196 212 236 269 296 300 252 206 168 127 97 80 106 139 140 121 85 38 6 9 17 20 17 24 55 43 25 12 23 39 44 27 16 12 14 19 18 20 23 20 15 10 6 4 3 3 4 5 4 5 5 4 4 4 4 5 7 9 10 10 10 9 -9999 -9999 -9999 -9999 -9999 -9999 -9999 -9999 -9999 -9999 -9999 -9999 -9999 -9999 -9999 -9999 -9999 -9999 -9999
228 205 187 186 166 167 189 196 215 241 273 298 311 276 239 204 170 143 133 153 179 168 136 90 44 10 16 25 29 26 37 61 43 24 19 27 33 41 34 22 15 23 19 32 44 43 31 17 12 10 7 4 4 6 6 5 7 7 5 4 4 4 5 7 9 11 11 10 10 9 9 8 6 5 3 2 1 0 0 0 0 0 0 0 0 0 -9999 -9999
272 246 234 228 203 199 216 220 232 256 278 304 331 298 262 233 211 186 181 200 189 149 127 87 36 12 27 44 51 43 54 57 38 35 33 41 59 42 27 21 17 38 31 65 64 35 21 19 16 18 13 4 5 7 9 9 9 9 7 5 4 4 5 8 10 11 11 11 10 10 9 9 7 5 4 2 1 0 0 0 0 0 0 0 0 0 0 0
322 289 277 260 234 233 241 248 255 275 288 314 345 324 288 260 245 230 225 234 190 136 104 69 28 18 59 94 94 83 77 54 45 42 47 40 58 50 32 19 17 40 60 79 49 30 41 40 21 36 17 4 5 8 10 12 12 10 6 4 3 3 4 8 11 12 13 12 11 11 11 10 9 7 5 4 2 1 0 0 0 0 0 0 0 0 0 0
373 347 322 287 271 275 276 278 286 297 310 332 346 332 300 269 248 241 239 234 202 151 110 66 26 31 83 131 144 137 119 99 79 63 69 49 53 64 50 22 19 20 42 70 66 65 61 37 23 38 16 5 5 8 10 13 15 17 10 5 6 6 4 9 12 14 14 13 13 15 16 13 11 10 8 6 4 2 2 1 1 1 1 1 1 1 1 1
423 412 367 327 316 315 318 315 321 331 341 343 333 312 287 250 221 219 217 206 194 171 132 85 32 43 88 145 187 178 160 152 126 97 91 73 74 74 47 42 41 21 18 43 72 72 45 36 37 38 15 7 5 7 10 12 16 22 18 9 15 13 4 10 13 15 15 16 18 19 19 16 13 12 12 9 6 4 3 3 3 3 2 2 2 2 2 2
419 443 419 379 366 359 365 359 358 361 364 352 326 288 260 223 190 185 181 166 157 155 136 92 42 45 103 159 204 217 212 199 173 149 140 111 89 71 48 52 70 41 21 31 66 70 50 49 40 41 24 12 8 9 9 12 14 29 36 28 36 22 6 10 13 16 17 18 19 19 20 23 19 19 18 13 8 6 5 5 5 4 4 4 4 4 3 3
402 439 463 443 429 420 413 410 409 406 390 364 334 295 255 220 185 161 149 136 124 110 85 50 35 48 99 152 192 226 250 243 220 204 188 154 116 88 67 67 79 59 40 32 49 73 78 75 62 51 30 17 9 11 9 11 14 28 40 44 47 23 12 14 14 17 19 19 18 18 19 37 36 19 17 13 9 8 8 8 7 6 6 6 -9999 -9999 4 4
387 435 479 500 498 483 465 437 411 392 376 344 325 298 260 224 185 160 132 117 97 68 44 43 46 54 96 134 175 207 240 259 255 239 224 194 157 115 91 98 90 85 72 55 50 72 72 70 81 64 36 23 11 12 13 10 15 19 31 54 67 37 25 26 15 16 18 21 33 33 22 36 24 12 14 13 11 10 11 10 8 8 9 9 -9999 -9999 -9999 -9999
390 436 488 527 535 493 444 404 369 341 328 313 303 280 249 214 182 159 140 115 79 54 73 89 81 62 96 124 157 182 205 231 251 263 255 230 195 155 126 125 112 109 116 96 80 75 63 57 63 59 36 25 19 16 18 14 13 33 52 74 73 39 43 43 23 16 18 22 39 41 47 49 31 22 18 14 12 13 13 12 10 10 12 13 12 10 -9999 -9999
397 439 493 538 515 447 390 352 325 302 280 268 258 245 225 193 169 152 134 100 70 69 107 114 104 79 90 125 152 162 177 202 221 251 273 269 229 191 176 167 155 144 140 120 94 73 62 61 56 70 48 32 21 19 21 18 13 32 69 94 78 56 60 66 44 24 17 19 33 51 63 56 35 20 15 14 14 14 16 15 11 12 17 17 14 11 8 -9999
410 452 501 542 509 433 356 308 287 272 254 235 224 210 188 161 141 132 110 85 96 102 131 144 125 93 105 139 167 181 185 190 206 231 259 276 271 241 224 218 201 180 153 132 112 88 68 59 50 58 61 41 23 19 22 21 18 18 39 80 98 93 83 78 50 22 17 19 38 46 59 45 18 12 13 18 20 13 20 20 12 13 20 18 14 11 9 8
427 477 518 537 501 443 356 289 259 245 222 194 175 160 142 126 116 105 103 116 134 141 161 167 147 110 126 151 172 198 209 206 210 223 241 261 276 279 277 269 253 227 187 153 128 98 70 57 43 48 57 30 19 20 22 21 19 17 25 49 76 98 93 72 49 25 22 17 25 41 58 31 16 12 15 33 36 17 29 35 24 26 29 16 15 15 14 10
444 503 537 515 472 432 351 284 246 211 181 168 160 153 147 142 137 137 152 161 174 181 186 182 163 129 146 170 188 204 222 233 235 242 246 253 268 282 304 318 298 267 229 188 151 112 83 64 50 39 34 28 24 23 24 22 20 19 25 37 62 93 89 52 42 52 36 31 20 37 58 30 23 16 13 28 46 38 33 36 37 35 38 22 19 19 17 11
467 521 524 478 424 370 306 260 222 196 197 201 199 196 189 183 178 180 193 201 211 207 203 193 175 149 167 189 203 211 230 256 269 268 269 264 268 279 301 325 309 276 243 211 172 119 78 59 52 39 38 41 32 32 31 26 23 20 24 44 61 91 94 85 84 65 45 57 31 25 52 56 45 20 18 37 35 19 17 18 16 17 31 22 15 14 12 9
501 505 475 435 372 302 250 226 212 218 238 239 234 235 226 211 214 214 229 244 255 244 229 211 191 167 185 216 225 228 248 281 313 309 293 284 280 291 312 315 282 252 225 198 178 143 100 66 52 43 53 46 37 42 40 33 28 24 22 43 81 112 123 125 115 75 68 78 47 32 57 71 57 25 30 45 28 28 24 17 14 12 12 14 12 10 9 7
523 473 433 381 314 261 242 242 242 254 264 275 282 282 267 248 253 260 279 307 307 277 250 232 211 183 203 247 264 267 270 290 329 341 327 308 297 307 321 298 252 224 192 160 145 137 100 65 51 50 59 56 47 58 59 44 35 27 26 30 68 112 148 159 137 100 99 80 44 48 94 95 68 39 48 63 59 54 39 20 14 13 12 11 10 10 8 7
