components/klab.component.landcover/etc/demofiles/alt.asc
ncols         320
nrows         270
xllcorner     436000
yllcorner     1356000
cellsize      100
NODATA_value  -9999
[rows 0 to 38 of 270, columns 88 to 175 of 320]
-9999 -9999 -9999 -9999 -9999 -9999 -9999 -9999 -9999 -9999 -9999 -9999 -9999 -9999 -9999 -9999 -9999 -9999 -9999 -9999 -9999 -9999 -9999 -9999 -9999 -9999 -9999 -9999 -9999 -9999 -9999 -9999 -9999 -9999 -9999 -9999 -9999 -9999 -9999 -9999 -9999 -9999 -9999 -9999 -9999 -9999 -9999 -9999 5 -9999 -9999 -9999 -9999 2 2 2 1 1 1 -9999 -9999 -9999 -9999 -9999 -9999 -9999 -9999 -9999 -9999 -9999 -9999 -9999 -9999 -9999 -9999 -9999 -9999 -9999 -9999 -9999 -9999 -9999 -9999 -9999 -9999 -9999 -9999 -9999
-9999 -9999 -9999 -9999 -9999 -9999 -9999 -9999 -9999 -9999 -9999 -9999 -9999 -9999 -9999 -9999 -9999 -9999 -9999 -9999 -9999 -9999 -9999 -9999 -9999 -9999 -9999 -9999 -9999 -9999 -9999 -9999 -9999 -9999 -9999 -9999 -9999 -9999 -9999 -9999 -9999 -9999 -9999 -9999 -9999 -9999 4 4 4 4 4 3 2 2 2 2 1 1 1 1 -9999 -9999 -9999 -9999 -9999 -9999 -9999 -9999 -9999 -9999 -9999 -9999 -9999 -9999 -9999 -9999 -9999 -9999 -9999 -9999 -9999 -9999 -9999 -9999 -9999 -9999 -9999 -9999
-9999 -9999 -9999 -9999 -9999 -9999 -9999 -9999 -9999 -9999 -9999 -9999 -9999 -9999 -9999 -9999 -9999 -9999 -9999 -9999 -9999 -9999 -9999 -9999 -9999 -9999 -9999 -9999 -9999 -9999 -9999 -9999 -9999 -9999 -9999 -9999 -9999 -9999 -9999 -9999 -9999 -9999 -9999 -9999 5 3 3 3 4 4 4 3 2 2 2 1 1 1 1 1 1 1 -9999 -9999 -9999 -9999 -9999 -9999 -9999 -9999 -9999 -9999 -9999 -9999 -9999 -9999 -9999 -9999 -9999 -9999 -9999 -9999 -9999 -9999 -9999 -9999 -9999 -9999
-9999 -9999 -9999 -9999 -9999 -9999 -9999 -9999 -9999 -9999 -9999 -9999 -9999 -9999 -9999 -9999 -9999 -9999 -9999 -9999 -9999 -9999 -9999 -9999 -9999 -9999 -9999 -9999 -9999 -9999 -9999 -9999 -9999 -9999 -9999 -9999 -9999 -9999 -9999 -9999 -9999 -9999 -9999 15 7 3 1 2 3 4 4 3 2 2 2 1 1 1 1 1 1 1 1 -9999 -9999 -9999 -9999 -9999 -9999 -9999 -9999 -9999 -9999 -9999 -9999 -9999 -9999 -9999 -9999 -9999 -9999 -9999 -9999 -9999 -9999 -9999 -9999 -9999
-9999 -9999 -9999 -9999 -9999 -9999 -9999 -9999 -9999 -9999 -9999 -9999 -9999 -9999 -9999 -9999 -9999 -9999 -9999 -9999 -9999 -9999 -9999 -9999 -9999 -9999 -9999 -9999 -9999 -9999 -9999 -9999 -9999 -9999 -9999 -9999 -9999 -9999 -9999 -9999 -9999 -9999 11 18 18 12 8 3 3 4 5 4 3 2 2 1 1 1 1 1 1 1 1 1 -9999 -9999 -9999 -9999 -9999 -9999 -9999 -9999 -9999 -9999 -9999 -9999 -9999 -9999 -9999 -9999 -9999 -9999 -9999 -9999 -9999 -9999 -9999 -9999
-9999 -9999 -9999 -9999 -9999 -9999 -9999 -9999 -9999 -9999 -9999 -9999 -9999 -9999 -9999 -9999 -9999 -9999 -9999 -9999 -9999 -9999 -9999 -9999 -9999 -9999 -9999 -9999 -9999 -9999 -9999 -9999 -9999 -9999 -9999 -9999 -9999 -9999 -9999 -9999 -9999 -9999 11 14 20 22 21 10 4 5 6 5 3 3 2 2 1 1 1 1 2 2 1 1 1 1 -9999 -9999 -9999 -9999 -9999 -9999 -9999 -9999 -9999 -9999 -9999 -9999 -9999 -9999 -9999 -9999 -9999 -9999 -9999 -9999 -9999 -9999
-9999 -9999 -9999 -9999 -9999 -9999 -9999 -9999 -9999 -9999 -9999 -9999 -9999 -9999 -9999 -9999 -9999 -9999 -9999 -9999 -9999 -9999 -9999 -9999 -9999 -9999 -9999 -9999 -9999 -9999 -9999 -9999 -9999 -9999 -9999 -9999 9 9 10 -9999 -9999 12 12 18 26 21 20 17 8 6 12 15 7 3 2 2 1 1 2 2 2 2 2 2 2 1 0 0 -9999 -9999 -9999 -9999 -9999 -9999 -9999 -9999 -9999 -9999 -9999 -9999 -9999 -9999 -9999 -9999 -9999 -9999 -9999 -9999
4 -9999 -9999 -9999 -9999 -9999 -9999 -9999 -9999 -9999 -9999 -9999 -9999 -9999 -9999 -9999 -9999 -9999 -9999 -9999 -9999 -9999 -9999 -9999 -9999 -9999 -9999 -9999 -9999 -9999 -9999 -9999 -9999 -9999 -9999 8 9 9 11 14 13 10 12 24 39 24 16 11 9 6 15 22 17 5 3 2 2 2 2 2 2 2 2 2 2 2 1 0 0 0 0 -9999 -9999 -9999 15 21 17 8 4 -9999 -9999 -9999 -9999 -9999 -9999 -9999 -9999 -9999
4 -9999 -9999 -9999 -9999 -9999 -9999 -9999 -9999 1 3.6 -9999 -9999 -9999 -9999 -9999 -9999 -9999 -9999 -9999 -9999 -9999 -9999 -9999 -9999 -9999 -9999 -9999 -9999 -9999 -9999 -9999 -9999 -9999 7 8 9 10 11 14 13 9 11 20 41 34 19 10 8 7 14 23 23 10 3 3 2 2 2 2 2 2 2 2 3 2 1 1 0 0 0 4 11 18 19 31 23 12 10 8 6 3 -9999 -9999 -9999 -9999 -9999 -9999
5 6 -9999 -9999 -9999 1 0 1 4 7 8 5 2 2 1 -9999 -9999 -9999 -9999 -9999 -9999 -9999 -9999 -9999 -9999 -9999 -9999 -9999 -9999 -9999 -9999 -9999 -9999 6 7 8 9 10 12 13 13 10 14 28 38 19 16 14 13 9 9 19 24 14 3 3 3 3 3 3 3 3 3 3 3 3 2 1 0 0 1 8 22 39 40 49 52 38 30 20 20 14 5 0 -9999 -9999 -9999 -9999
5 6 5 4 2 1 1 12 24 36 24 7 4 3 1 1 1 -9999 -9999 -9999 -9999 -9999 -9999 -9999 -9999 -9999 -9999 -9999 -9999 -9999 -9999 4 5 6 7 8 9 10 11 12 13 12 22 39 26 23 29 24 20 12 11 17 20 10 3 3 4 5 4 3 3 3 3 3 3 3 2 1 0 0 2 7 15 38 68 88 94 84 64 50 55 36 17 7 3 1 -9999 -9999
5 5 3 3 3 8 17 34 47 34 21 10 12 6 1 0 0 1 2 2 -9999 3 2 2 2 -9999 -9999 2 2 3 3 4 5 6 7 7 9 10 11 12 13 15 32 39 21 35 48 34 22 15 16 20 20 11 5 3 4 5 6 5 4 4 3 3 4 5 3 2 2 5 6 14 25 34 65 105 130 128 101 92 101 78 55 38 20 6 9 19
3 2 1 2 9 34 43 45 58 40 35 28 30 9 0 0 0 1 2 2 2 2 2 2 2 2 2 2 2 3 3 4 5 5 6 7 8 9 11 13 14 17 24 28 30 46 54 41 30 24 24 25 21 15 10 4 4 5 8 9 7 7 4 3 3 9 4 7 10 23 28 33 57 64 71 104 146 163 146 142 143 128 105 77 47 14 26 55
4 0 0 3 10 30 36 28 39 32 38 39 38 13 1 0 0 1 2 2 2 2 2 2 2 2 2 2 2 3 3 4 4 5 6 6 7 8 10 13 15 16 14 17 23 27 32 41 40 39 36 26 21 14 8 6 5 6 9 10 9 9 4 4 5 11 14 17 22 48 63 65 78 99 109 124 158 186 182 176 168 154 134 100 58 25 49 92
23 4 0 6 19 17 18 22 34 19 22 18 49 29 8 1 1 1 2 2 2 2 2 2 2 2 2 2 2 3 3 4 4 5 5 6 6 7 9 13 17 21 25 21 20 19 21 35 35 30 24 21 16 10 9 11 8 5 11 11 11 7 6 8 13 17 26 34 32 62 95 108 106 129 155 170 193 213 213 183 150 128 113 85 57 55 82 124
51 24 3 24 42 18 16 19 26 14 14 11 39 26 4 1 1 2 2 2 2 2 2 2 2 2 2 2 2 3 3 4 4 4 5 5 5 6 7 10 14 24 29 18 20 20 15 22 21 19 18 18 14 11 12 12 12 8 10 11 10 7 10 15 22 26 34 53 45 60 104 134 148 165 189 211 225 232 221 176 127 104 88 79 83 100 126 159
54 40 12 41 51 24 25 18 16 12 9 10 17 14 2 1 2 2 2 2 2 2 2 2 2 2 2 2 3 3 3 4 4 4 4 5 5 5 5 6 7 7 9 8 10 11 10 16 19 15 14 15 15 14 14 14 13 10 9 10 9 8 13 22 31 40 49 67 73 63 83 118 156 191 216 238 255 252 227 191 162 143 114 105 117 133 159 194
63 51 32 57 72 52 43 22 19 15 10 7 10 13 3 1 2 2 2 2 2 2 2 2 2 2 2 3 3 3 3 4 4 4 5 5 5 5 5 5 5 5 5 6 6 7 7 9 12 11 13 14 16 16 16 16 16 12 10 11 9 10 16 25 37 55 69 82 105 101 88 97 131 182 228 267 285 271 250 236 215 185 152 148 152 166 186 204
75 72 49 63 95 95 63 27 20 17 12 7 7 17 12 3 2 2 2 2 2 2 2 2 2 2 2 3 3 3 3 4 4 4 5 5 5 5 4 4 4 3 3 5 10 8 5 6 8 10 12 15 16 17 18 18 19 15 11 13 10 11 21 29 40 59 86 112 133 145 134 121 123 166 230 284 308 297 280 271 254 220 190 199 195 211 223 222
51 55 55 69 96 85 40 18 19 19 14 9 6 9 18 16 12 5 3 2 2 2 2 2 2 2 2 3 3 3 3 3 3 4 5 5 5 4 4 4 3 2 2 6 19 19 11 7 8 10 12 15 17 19 19 20 20 19 14 16 13 14 22 31 43 58 94 131 157 173 179 169 157 168 225 285 327 321 304 299 283 255 231 244 241 248 260 239
53 42 47 76 89 61 38 27 29 26 20 11 6 5 6 9 13 7 4 3 2 2 2 2 2 2 2 3 3 3 3 3 3 4 4 4 4 4 4 5 4 3 4 12 20 18 15 8 8 10 12 16 18 20 20 21 21 21 19 20 19 17 19 27 43 62 94 129 172 192 207 207 201 207 241 298 346 349 342 333 312 282 274 284 285 295 290 267
75 52 41 63 83 89 73 56 50 36 22 12 7 5 4 3 4 5 4 3 3 2 2 2 2 2 3 3 3 3 3 2 2 3 3 4 3 5 7 6 4 4 4 15 20 15 8 8 8 9 13 17 20 21 21 21 22 22 20 20 20 21 22 24 37 60 83 122 170 206 219 223 225 242 269 309 347 368 373 355 338 314 316 323 326 333 298 266
55 43 36 45 68 89 94 92 55 26 16 12 8 6 4 4 4 4 4 3 3 3 3 3 3 3 3 3 3 3 3 2 2 2 2 3 5 15 17 10 10 7 8 16 21 13 9 9 8 10 13 16 21 22 21 21 22 22 22 21 21 22 26 29 33 51 69 105 156 183 180 187 201 223 251 273 300 332 361 362 357 337 340 350 347 312 267 233
48 49 39 37 53 63 82 94 61 35 17 11 10 9 7 5 5 5 5 4 4 4 5 4 4 3 3 3 4 4 3 3 2 2 2 3 6 15 18 17 22 18 20 30 30 18 11 14 9 9 11 11 12 14 17 20 22 23 23 23 23 24 28 33 35 41 60 91 127 142 130 143 162 179 207 235 261 289 317 334 354 349 353 361 353 310 275 250
53 49 41 35 40 52 82 93 75 43 19 13 17 15 10 9 8 7 7 7 8 7 8 7 5 4 3 4 4 4 4 3 2 1 2 4 6 11 18 23 32 35 37 40 31 15 15 20 12 9 10 9 9 11 13 19 22 23 24 24 25 27 33 44 49 43 47 70 89 90 85 91 109 135 157 181 223 264 293 309 331 341 341 339 343 338 315 289
56 44 41 39 35 44 71 79 88 53 21 18 23 28 19 16 11 10 13 15 18 12 11 9 7 5 4 4 5 5 5 4 2 1 9 17 10 15 28 40 58 54 36 37 29 18 19 24 18 11 9 9 9 11 12 19 22 23 23 25 26 31 39 56 72 60 52 54 58 64 73 82 93 100 129 153 189 231 265 281 292 298 295 300 319 342 351 335
66 53 44 42 40 32 52 62 64 49 30 34 41 49 37 26 16 23 43 43 35 27 22 13 9 7 5 5 5 6 5 4 4 4 22 36 21 24 47 69 79 59 35 30 24 20 27 32 23 16 10 10 10 12 14 16 20 22 23 25 28 34 42 58 83 87 82 76 74 80 93 110 125 110 118 137 159 183 206 217 232 249 258 268 295 325 360 377
44 39 28 30 35 30 40 63 61 46 46 51 60 69 57 42 31 39 73 75 54 54 43 21 13 10 8 6 6 6 6 6 5 9 29 54 46 35 72 103 94 75 52 29 24 26 35 39 33 25 14 11 12 14 15 16 18 21 22 25 30 35 45 59 78 102 117 114 106 110 131 160 173 153 132 132 134 139 152 166 180 195 220 244 281 309 346 387
32 29 28 27 26 26 25 43 53 48 65 69 78 88 75 60 50 54 81 84 76 68 34 18 22 14 10 8 7 7 7 7 7 10 21 36 53 58 78 105 87 81 59 31 29 28 34 40 40 34 17 12 14 17 17 18 18 19 21 25 30 36 44 58 71 90 122 144 153 161 172 198 204 184 161 147 146 149 160 178 188 198 213 229 263 292 329 371
30 29 28 27 26 24 23 25 29 39 75 91 96 104 90 79 73 72 87 104 97 78 50 20 28 16 11 9 9 8 8 8 8 12 20 26 32 44 71 101 84 77 55 41 41 30 34 39 41 30 19 14 17 21 21 21 20 19 21 26 32 37 45 57 66 77 96 129 169 204 208 229 230 208 185 167 166 173 176 194 217 229 240 239 258 289 318 360
32 31 28 27 26 25 23 21 22 31 69 103 114 117 97 83 84 91 101 116 94 72 46 21 18 14 11 9 9 9 9 9 10 15 23 47 50 50 74 115 101 76 61 51 38 31 35 38 38 29 29 21 18 26 34 31 26 21 21 29 38 44 52 59 68 77 88 115 151 196 216 234 236 221 203 188 190 196 197 204 235 254 263 258 259 286 317 354
36 36 34 33 31 26 23 20 20 25 62 107 120 112 90 77 89 111 118 100 77 65 38 21 18 13 10 9 11 10 9 9 9 12 35 76 98 96 120 133 111 76 47 33 31 34 39 40 38 35 41 31 20 30 40 39 32 22 21 33 44 52 58 64 72 79 86 97 121 148 169 199 232 234 222 213 216 219 218 223 241 273 289 289 277 293 320 358
46 57 64 62 53 33 26 22 20 24 55 91 100 89 71 66 88 117 122 95 66 44 36 17 21 15 18 30 33 19 10 9 10 11 41 84 126 133 135 136 109 78 50 34 34 39 47 48 44 36 43 37 25 35 42 45 46 34 22 36 48 55 59 64 71 78 88 106 131 154 159 186 231 255 257 247 252 254 248 249 255 286 309 315 308 306 328 365
52 71 92 92 69 50 40 32 24 21 32 56 70 69 57 59 73 92 105 100 71 49 29 23 41 25 46 60 47 29 14 11 10 10 40 91 134 113 125 136 112 95 65 42 47 57 70 66 53 38 44 40 28 41 56 63 64 54 29 37 48 54 59 64 70 81 101 136 170 191 182 213 248 273 286 279 289 290 275 280 287 299 325 338 339 330 340 369
56 64 89 106 87 69 53 41 29 20 22 32 47 55 45 49 61 63 61 54 42 43 27 34 53 46 68 62 40 27 17 12 11 11 41 91 129 101 104 125 120 116 82 65 69 79 94 78 57 39 42 42 33 42 63 80 77 65 37 37 46 52 59 63 69 80 110 154 196 225 208 226 259 291 312 313 328 332 307 322 325 326 337 360 373 368 365 381
63 78 102 112 92 76 62 52 36 23 19 22 28 36 32 36 36 28 23 17 15 14 14 18 36 54 61 52 36 23 16 11 11 12 32 69 108 97 78 112 133 137 100 85 97 98 95 74 54 39 42 43 35 39 63 81 81 75 49 35 41 50 59 63 68 78 108 157 209 245 244 242 263 295 328 348 368 371 343 356 369 361 359 375 396 414 407 405
71 81 100 108 96 72 59 48 44 40 25 19 20 21 20 19 18 15 15 15 15 14 13 13 28 66 69 26 13 13 13 14 10 12 22 56 96 98 67 78 101 128 123 107 102 81 72 64 49 44 50 43 34 43 71 81 78 69 46 35 38 49 60 66 71 79 103 154 204 244 264 280 299 314 337 373 400 408 377 389 421 411 398 393 416 458 468 453
78 88 108 115 103 80 71 85 88 84 55 24 18 17 17 16 16 14 14 15 17 19 12 13 20 42 43 13 13 16 29 29 16 25 19 50 83 82 73 60 80 111 128 118 93 79 68 58 50 53 60 43 36 47 69 80 79 71 51 37 39 50 62 70 75 80 100 150 196 227 251 284 318 346 367 390 424 443 420 421 470 474 446 426 440 482 510 501
81 97 118 124 114 98 116 139 143 129 83 45 20 17 17 17 17 16 15 16 26 39 22 17 14 20 18 14 14 19 35 29 33 56 50 68 67 63 67 59 74 88 112 122 110 102 82 66 56 59 62 43 41 43 57 77 88 89 71 51 41 53 67 76 79 84 103 143 173 193 227 277 326 366 399 430 451 468 466 463 516 532 492 467 463 499 555 561
