components/klab.component.landcover/etc/demofiles/sc1gr9.fil
ncols         128
nrows         108
xllcorner     436000
yllcorner     1356000
cellsize      250
NODATA_value  -9999
[rows 0 to 29 of 108, columns 0 to 67 of 128]
-9999 -9999 -9999 -9999 -9999 -9999 -9999 -9999 -9999 -9999 -9999 -9999 -9999 -9999 -9999 -9999 -9999 -9999 -9999 -9999 -9999 -9999 -9999 -9999 -9999 -9999 -9999 -9999 -9999 -9999 -9999 -9999 -9999 -9999 -9999 -9999 -9999 -9999 -9999 -9999 -9999 -9999 -9999 -9999 -9999 -9999 -9999 -9999 -9999 -9999 -9999 -9999 -9999 -9999 -9999 -9999 -9999 -9999 -9999 -9999 -9999 -9999 -9999 -9999 -9999 -9999 -9999 -9999
-9999 -9999 -9999 -9999 -9999 -9999 -9999 -9999 -9999 -9999 -9999 -9999 -9999 -9999 -9999 -9999 -9999 -9999 -9999 -9999 -9999 -9999 -9999 -9999 -9999 -9999 -9999 -9999 -9999 -9999 -9999 -9999 -9999 -9999 -9999 -9999 -9999 -9999 -9999 -9999 -9999 -9999 -9999 -9999 -9999 -9999 -9999 -9999 -9999 -9999 -9999 -9999 -9999 -9999 -9999 -9999 -9999 -9999 -9999 -9999 -9999 -9999 -9999 -9999 -9999 -9999 -9999 -9999
-9999 -9999 -9999 -9999 -9999 -9999 -9999 -9999 -9999 -9999 -9999 -9999 -9999 -9999 -9999 -9999 -9999 -9999 -9999 -9999 -9999 -9999 -9999 -9999 -9999 -9999 -9999 -9999 -9999 -9999 -9999 -9999 -9999 -9999 -9999 -9999 -9999 -9999 -9999 -9999 -9999 -9999 -9999 -9999 -9999 -9999 -9999 -9999 -9999 -9999 -9999 -9999 -9999 336.4293 349.0245 355.0708 354.3121 6.375674 20.64443 -9999 -9999 -9999 -9999 -9999 -9999 -9999 -9999 -9999
-9999 -9999 -9999 -9999 -9999 -9999 -9999 -9999 -9999 -9999 -9999 -9999 -9999 -9999 -9999 -9999 -9999 -9999 -9999 -9999 -9999 -9999 -9999 -9999 -9999 -9999 -9999 -9999 -9999 -9999 -9999 -9999 -9999 -9999 -9999 -9999 -9999 -9999 -9999 -9999 -9999 -9999 -9999 -9999 -9999 -9999 -9999 -9999 -9999 -9999 -9999 -9999 320.1958 330.36 342.3031 354.1814 357.3094 9.285407 20.53888 36.28555 39.37162 -9999 -9999 -9999 -9999 -9999 -9999 -9999
-9999 -9999 -9999 -9999 -9999 -9999 -9999 -9999 -9999 -9999 -9999 -9999 -9999 -9999 -9999 -9999 -9999 -9999 -9999 -9999 -9999 -9999 -9999 -9999 -9999 -9999 -9999 -9999 -9999 -9999 -9999 -9999 -9999 -9999 -9999 -9999 -9999 -9999 -9999 -9999 -9999 -9999 -9999 -9999 -9999 -9999 -9999 -9999 -9999 -9999 337.7468 330.7752 331.2946 331.8831 339.5254 352.4816 357.5418 10.29131 22.83911 26.8944 29.11705 35.59718 -9999 -9999 -9999 358.0013 -9999 -9999
-9999 -9999 -9999 -9999 -9999 -9999 -9999 -9999 -9999 -9999 -9999 -9999 -9999 -9999 -9999 -9999 -9999 -9999 -9999 -9999 -9999 -9999 -9999 -9999 -9999 -9999 -9999 -9999 -9999 -9999 -9999 -9999 -9999 -9999 344.856 22.94315 -9999 -9999 -9999 -9999 -9999 -9999 -9999 -9999 -9999 -9999 -9999 -9999 -9999 322.6968 332.4427 332.8406 334.2989 335.8194 338.8788 349.0555 354.0882 10.0387 23.85146 24.0519 26.58426 25.86089 345.5913 304.0706 311.0331 341.9212 9.097756 24.28314
-9999 -9999 -9999 -9999 -9999 -9999 -9999 -9999 -9999 -9999 -9999 -9999 -9999 -9999 -9999 -9999 -9999 -9999 -9999 -9999 -9999 -9999 -9999 -9999 -9999 -9999 -9999 -9999 -9999 -9999 -9999 347.8163 16.49099 -9999 341.4948 3.240544 337.1939 309.2212 273.3861 55.5699 45.38794 42.44325 28.56933 -9999 -9999 -9999 346.5255 340.5041 331.985 324.2996 326.1398 335.1575 342.8117 344.8758 341.7777 342.3814 346.4806 7.440114 23.99302 17.65318 4.897733 349.2413 338.517 324.9607 322.3546 334.2915 2.284913 20.63445
-9999 -9999 -9999 -9999 -9999 -9999 -9999 -9999 -9999 -9999 -9999 -9999 -9999 -9999 -9999 -9999 -9999 -9999 -9999 -9999 -9999 -9999 -9999 -9999 -9999 -9999 -9999 -9999 -9999 -9999 309.9143 353.7757 28.42634 358.8678 322.4845 352.65 343.1943 315.8716 354.7242 86.27415 73.97063 66.57886 43.04843 31.05203 16.41513 331.1204 343.1727 334.826 325.8147 308.5526 305.5723 322.498 347.1555 349.836 337.5747 327.1173 335.1983 4.928026 24.86366 5.171227 333.9593 323.1243 327.1812 323.0458 319.8961 324.677 358.0049 39.74594
-9999 -9999 -9999 -9999 -9999 -9999 -9999 -9999 -9999 -9999 -9999 -9999 -9999 -9999 -9999 -9999 -9999 -9999 -9999 -9999 -9999 -9999 -9999 -9999 -9999 -9999 345.8621 -9999 -9999 321.1747 311.711 347.6249 38.02168 2.472524 318.383 344.2002 355.161 342.8359 92.25883 120.4487 118.2583 82.71336 50.28116 43.66481 23.88143 322.2699 319.2039 310.6094 305.021 284.5362 260.6735 237.4531 216.8409 216.7648 266.0499 292.7064 319.7732 5.470559 24.53122 342.8599 315.5328 310.0419 319.5628 318.8564 308.7063 316.4024 0.6219169 44.26579
-9999 -9999 -9999 -9999 -9999 -9999 -9999 -9999 -9999 -9999 -9999 -9999 -9999 -9999 -9999 -9999 -9999 -9999 -9999 -9999 -9999 -9999 -9999 -9999 -9999 -9999 345.5536 346.8563 357.2096 329.3174 319.7094 354.1281 35.65382 8.075695 321.7346 339.3129 21.8334 52.34048 68.36253 65.97434 59.41954 43.43375 50.38174 54.9261 50.47349 303.1863 293.8167 284.2921 288.9683 292.1835 275.3134 273.3072 311.1173 9.335315 7.039314 280.5473 301.2213 7.29671 18.56268 321.1129 298.0921 292.6818 304.3843 316.4373 302.421 305.706 354.5921 30.56815
-9999 -9999 -9999 -9999 -9999 -9999 -9999 -9999 -9999 -9999 -9999 -9999 -9999 -9999 -9999 -9999 -9999 -9999 -9999 -9999 -9999 354.3042 -9999 -9999 -9999 330.7992 305.9835 328.0538 341.489 347.6459 344.4552 6.697227 29.36893 11.77681 356.0851 13.02496 35.1225 56.38348 59.50903 58.67459 43.66056 23.36523 36.33832 45.92677 49.6307 357.6516 293.7171 264.6507 271.1389 299.254 330.318 336.7737 334.6758 33.86597 54.39994 272.9136 265.5504 307.3596 346.8733 310.0462 283.4748 266.9397 256.4481 243.4165 249.1785 254.0175 267.6988 30.74027
-9999 -9999 -9999 -9999 -9999 -9999 -9999 -9999 -9999 -9999 -9999 -9999 -9999 -9999 -9999 -9999 -9999 -9999 -9999 -9999 331.9476 337.4623 358.8323 355.2343 28.39621 18.49256 314.6153 306.5541 322.7101 358.1847 26.7431 35.76712 17.42575 11.83886 20.04057 37.28049 41.06985 49.99158 62.68269 57.80653 29.70805 16.15541 21.02354 37.78864 45.34528 28.4076 11.10125 312.2047 304.862 314.7761 328.3751 346.2492 9.714887 64.9282 78.13982 266.0169 252.8881 269.0637 306.0466 302.6986 295.5908 270.2154 238.9424 214.1948 223.7079 229.8802 223.2457 204.557
-9999 -9999 -9999 -9999 -9999 -9999 -9999 -9999 -9999 -9999 -9999 -9999 -9999 -9999 -9999 -9999 -9999 -9999 -9999 319.4061 298.9418 320.4968 349.9063 0.1216232 18.6917 34.57435 322.6584 293.4435 296.797 22.50453 58.02402 44.14092 24.10249 17.83573 48.90616 66.07957 61.76227 55.15996 66.09756 56.6873 34.21575 11.1321 3.527019 34.09167 40.69195 31.77023 25.78691 339.3406 301.7746 306.758 325.4597 359.5814 36.5743 55.76413 42.40308 331.6347 295.5315 272.364 277.1013 286.2952 296.2961 301.3517 313.3291 331.6608 312.9737 244.2256 219.7862 207.4239
-9999 -9999 -9999 -9999 -9999 -9999 -9999 -9999 -9999 -9999 -9999 -9999 -9999 -9999 -9999 -9999 -9999 -9999 148.982 319.2564 280.1579 294.3076 327.3897 15.69266 49.30045 47.59451 337.0125 295.4613 290.0995 71.65862 40.74609 38.71035 39.64777 30.76565 32.90688 47.35456 51.06316 67.48322 80.89458 69.68233 66.60349 322.6765 302.2592 37.92978 47.06121 41.20358 34.7421 351.3532 296.9977 296.7724 314.3958 13.40157 50.9926 48.65508 32.33833 12.56589 347.5123 306.5667 285.882 277.5586 274.7582 280.792 296.2114 326.1615 2.104035 351.1447 259.4125 243.5122
-9999 -9999 -9999 -9999 -9999 -9999 -9999 -9999 -9999 -9999 -9999 -9999 -9999 -9999 -9999 -9999 -9999 318.8719 299.6515 4.222283 275.1061 271.6219 270.6646 97.93431 72.63213 27.82455 352.2033 298.0871 295.0991 20.39032 356.8007 37.85821 34.50006 18.17567 6.053759 10.028 24.37728 38.83721 57.66843 75.94648 81.19972 263.0203 248.0908 145.9465 75.18688 41.5174 25.98536 11.17354 296.9331 288.3241 297.1484 37.43866 55.68404 36.00407 29.57094 22.42687 4.498516 350.013 322.9883 287.1093 272.3364 269.0148 271.1814 280.6971 348.5028 0.1564554 351.0187 331.975
-9999 -9999 -9999 -9999 -9999 -9999 -9999 -9999 -9999 -9999 -9999 -9999 -9999 -9999 -9999 -9999 344.6245 357.6219 5.769598 335.2157 299.085 275.5205 263.1021 62.51564 8.515993 10.89765 8.995412 312.4113 317.8449 357.8567 355.8047 39.35497 47.26205 32.35343 356.8814 352.5619 19.81333 48.21945 62.53123 74.2809 99.47575 184.6569 192.3376 172.8997 160.3006 46.32431 55.75177 54.81897 274.5671 270.2917 269.4726 62.80648 46.72171 32.72315 38.11835 27.84479 6.533168 3.648753 346.859 297.7691 281.4019 280.1051 284.3275 296.4541 323.0152 342.6732 354.8463 349.8001
-9999 -9999 -9999 -9999 -9999 -9999 -9999 -9999 -9999 -9999 -9999 -9999 -9999 -9999 -9999 -9999 311.6118 344.4572 5.016917 352.358 336.6364 305.9837 290.7024 334.418 349.4123 12.18627 6.732125 341.1618 347.7888 7.002217 19.4216 39.60089 75.06612 91.65262 273.472 293.9066 12.63928 35.48075 27.89824 29.10923 43.06745 71.21066 190.5268 155.4753 177.7518 173.5281 152.7137 19.61425 274.3347 261.3035 247.7792 203.732 41.37905 49.15461 55.68911 31.96231 359.739 8.113325 12.80072 324.7212 287.0029 271.9921 271.6374 282.5934 304.1837 328.1555 350.446 359.5971
-9999 -9999 -9999 -9999 -9999 -9999 -9999 -9999 -9999 -9999 -9999 -9999 -9999 -9999 -9999 281.111 286.477 325.5742 359.5284 359.7976 352.6872 333.908 307.8279 310.4875 339.934 12.4286 2.17777 346.0869 351.4316 22.43168 47.40851 62.4481 65.12268 44.58099 329.5289 284.076 322.7674 341.1269 7.023622 43.31885 65.78226 75.00529 321.3987 4.471007 39.50684 39.13665 359.9902 315.545 278.0519 259.4138 242.2251 226.254 230.5549 74.59856 64.66386 25.08638 343.9337 358.8282 24.33516 6.498086 311.8725 278.0784 264.9701 266.2131 278.7579 301.723 332.0929 355.5287
-9999 -9999 -9999 -9999 -9999 -9999 -9999 -9999 -9999 -9999 -9999 -9999 -9999 -9999 -9999 298.4701 287.5058 284.7065 313.8957 343.1761 345.6971 350.0444 341.2422 307.3266 324.5357 12.94026 11.9294 6.825205 94.99888 113.1074 108.6256 109.5147 99.38261 86.28221 353.3905 293.3567 310.3593 313.3113 0.4729411 72.71657 78.83369 355.0002 339.2263 6.463227 28.38578 25.62197 27.08734 297.024 278.2004 271.3159 259.5734 246.3119 242.4857 104.0025 65.00922 8.966913 328.1484 334.4929 23.00739 24.65991 325.3145 291.9397 281.6768 267.683 257.6946 251.7878 258.4542 296.6165
-9999 -9999 -9999 -9999 -9999 -9999 -9999 -9999 -9999 -9999 -9999 -9999 -9999 -9999 305.5135 304.9674 305.1895 304.3454 314.4383 329.2368 333.4734 344.8118 355.6424 312.7514 315.8895 14.42325 31.56605 59.65158 113.7987 136.0764 134.6815 140.5487 134.7745 122.5174 317.5016 302.6808 307.6184 306.8813 12.645 77.34519 64.99023 343.706 339.8777 17.84347 43.34609 49.09343 56.34449 318.6232 307.9327 307.5433 309.2083 300.7279 269.3808 277.4713 48.82381 339.3784 331.2931 335.3686 6.157185 38.77478 348.6523 276.3512 280.7821 274.4726 257.7905 247.0091 247.4227 260.0769
-9999 -9999 -9999 -9999 -9999 -9999 -9999 -9999 -9999 -9999 -9999 9.542385 0.9560234 310.3697 291.4442 290.7383 299.2187 313.1471 319.4603 334.3273 337.012 334.3837 352.7886 326.4044 308.6395 21.39641 40.19786 60.41052 76.35027 89.99703 101.0802 120.0801 1.356669 328.0308 331.2966 325.7015 325.4095 334.0238 40.75944 73.38725 41.56438 350.8622 4.039651 48.27999 65.00601 57.70536 41.88187 325.2953 314.3331 321.9032 330.898 343.5389 316.0356 327.3187 0.1627359 330.9967 330.8184 343.4713 3.375221 37.07183 39.40638 280.1637 285.5169 299.2023 305.9652 295.3701 285.4356 286.875
-9999 -9999 -9999 -9999 -9999 -9999 -9999 -9999 -9999 321.1184 16.59278 21.46905 12.94585 331.3746 305.8858 296.8287 291.6779 293.1232 301.6115 327.4749 343.4244 337.0079 346.468 348.4875 332.8346 29.34466 68.93185 80.37251 72.92581 56.26232 52.50053 34.41915 324.2476 311.2823 320.1943 331.1491 343.7967 12.5009 59.85739 60.14454 0.7605212 352.3748 27.8554 54.38303 59.86396 46.2622 32.8046 324.5021 302.7577 315.5307 341.0338 338.7504 323.5534 335.4255 346.1364 330.5605 326.8789 337.1484 357.594 27.34051 38.91043 308.1394 279.835 285.5892 291.1667 274.1681 262.0091 260.6243
-9999 -9999 -9999 -9999 -9999 -9999 -9999 -9999 299.8764 313.7679 350.1321 11.32003 20.34727 347.63 307.8845 304.1129 295.6921 281.1857 274.6565 285.6234 316.6915 331.2643 346.3459 3.297337 7.431459 25.19074 52.58995 67.06634 56.93095 44.63705 47.04251 24.63642 327.4151 298.273 289.474 303.9183 346.6118 34.27187 45.01543 10.62864 334.8903 348.3298 44.17123 57.64913 46.55937 27.67884 38.3919 333.2979 282.6073 288.8463 333.6518 330.791 329.5222 340.976 343.7541 325.9626 333.7813 344.1745 346.7781 15.19069 43.74479 8.995561 262.1602 231.8298 201.4844 202.8275 211.8903 214.0525
-9999 -9999 -9999 -9999 -9999 -9999 -9999 262.5632 263.1122 281.109 314.9424 1.084116 32.47367 18.17045 314.1009 292.8016 299.3831 297.4832 286.1026 281.007 290.2722 310.0632 340.087 6.123968 19.1662 41.256 56.5787 64.43264 63.85222 63.16766 64.0133 24.81546 324.0782 304.1146 283.0914 279.3694 316.214 51.00262 38.49831 345.7968 324.632 343.331 61.36207 60.09706 40.45632 32.02786 52.50301 16.34061 278.9026 278.5959 308.0163 320.0958 327.3637 341.8106 340.7608 314.9237 326.7621 344.3578 342.9098 19.44407 57.60833 49.46939 272.5438 220.7104 192.5994 212.1302 215.0655 205.9083
-9999 -9999 -9999 -9999 -9999 -9999 -9999 262.9379 267.3036 267.5716 274.544 323.9572 42.78045 29.61947 3.502021 313.4197 302.8708 306.0229 309.541 310.3501 306.088 301.3063 318.0682 20.10186 57.944 82.92229 98.0743 110.0669 114.907 111.5091 63.45446 13.70504 323.1394 299.3448 300.9317 304.7196 334.5555 20.36925 14.21966 345.5179 344.8225 352.7675 19.94514 38.75079 40.02364 47.13386 53.81314 35.31986 307.535 269.7466 276.7388 286.882 303.4255 327.7796 333.1235 311.2852 312.6953 331.6456 337.6599 45.45896 65.92833 30.63578 346.1847 354.6055 12.98663 319.1206 307.2068 326.444
-9999 -9999 -9999 -9999 -9999 -9999 -9999 294.811 301.4932 300.6721 280.7249 289.1247 19.61706 28.05223 25.28254 323.0996 301.9218 298.4033 302.8109 310.7688 318.9299 320.1656 317.243 90.83206 106.8346 106.9453 107.5707 109.4698 108.7122 101.458 341.156 5.53142 12.21573 287.613 292.186 308.1575 333.1809 7.951939 6.843029 354.0266 352.0193 347.0761 5.785604 41.26013 55.58077 55.76225 50.95723 50.35131 31.99707 266.5892 251.4541 255.6527 277.7063 308.7339 322.5062 307.174 305.4806 320.3303 333.5883 44.09073 52.25719 3.746095 340.9812 8.228888 42.29359 325.3711 307.0572 329.9949
-9999 -9999 -9999 -9999 -9999 -9999 -9999 294.4448 298.6472 306.7187 293.633 297.4118 334.1817 17.51413 26.73569 343.6019 325.206 314.4433 302.3303 302.8315 317.0409 353.3996 77.18363 120.4924 116.5483 106.44 91.25867 65.92493 51.37883 6.556103 322.5541 354.9366 19.80766 327.8445 278.7421 278.5412 305.3385 354.3017 2.088357 356.5542 353.1907 344.2609 9.348442 54.65748 54.2564 47.46286 51.5062 56.90824 54.6015 268.005 248.9288 273.5274 295.7256 317.8423 324.3313 309.7505 309.3095 318.6163 324.956 23.04103 36.91851 355.5331 329.8996 42.16934 78.18161 288.4643 287.0002 301.3961
-9999 -9999 -9999 -9999 -9999 -9999 277.938 272.4709 275.9712 277.1204 274.3083 274.9046 292.8916 349.4647 21.61366 352.1208 328.0176 323.5663 306.4436 296.8451 308.2853 54.78625 95.29901 100.5717 70.86804 49.33949 36.062 25.89412 40.17574 10.62561 314.3254 336.346 7.679677 12.74026 291.6141 266.4754 284.2489 333.0186 353.8969 350.8796 349.2096 353.4736 19.34192 46.16656 44.10557 50.11394 57.98232 56.61217 53.18739 355.7764 305.2949 294.7535 302.7863 328.8405 333.6065 314.9728 318.2408 325.3495 322.3573 7.02225 36.6322 3.158567 331.5425 67.41723 82.76951 280.3815 269.2343 270.58
-9999 -9999 -9999 -9999 -9999 316.5106 322.1446 306.1125 308.5798 314.3716 294.1879 275.3334 277.4727 306.7721 5.301843 1.537434 327.7164 323.6254 317.8749 303.3914 311.1576 74.33659 74.97474 25.82804 6.046075 15.49478 23.28224 33.64253 57.03076 30.13949 302.5508 314.321 349.4654 28.38222 21.69558 277.0959 275.8666 308.3017 344.4708 341.2688 339.3116 357.4201 16.99349 33.80263 44.57395 58.81802 63.58078 56.51805 47.18217 352.5249 322.9636 308.1297 310.5545 336.098 347.9242 329.4732 314.4312 314.963 319.9056 2.454932 36.69406 11.37879 4.542057 80.69356 71.57161 324.1496 303.7048 272.7833
-9999 -9999 -9999 -9999 -9999 309.032 314.0818 316.5072 326.0012 338.0303 328.4901 310.6995 290.7983 291.8291 332.8241 357.0609 337.2792 326.067 327.1381 321.0714 344.3176 65.83224 47.35567 346.0826 346.3079 17.197 46.19175 66.90249 74.49207 29.78337 306.031 302.9384 334.6219 31.5594 38.93461 293.6707 271.8817 283.715 325.3842 333.1777 325.6425 348.0108 18.65753 40.15656 51.33738 63.89733 65.6823 56.58277 46.40289 334.4506 316.7504 312.4008 315.409 333.1296 352.1466 355.91 330.5907 307.8477 310.3642 2.068559 35.10412 19.7271 45.67901 77.27262 52.47635 324.6439 328.6526 323.7533
