components/klab.component.landcover/etc/demofiles/sc1gr0.fil
ncols         128
nrows         108
xllcorner     436000
yllcorner     1356000
cellsize      250
NODATA_value  -9999
[rows 31 to 61 of 108, columns 0 to 70 of 128]
-9999 -9999 -9999 -9999 -9999 250 353.5534 559.017 790.5694 1030.776 1274.755 1520.691 1767.767 1952.562 2150.581 2358.495 2573.907 2795.085 3020.761 3132.491 3259.601 3400.368 3553.167 3716.517 3889.087 4069.705 4242.641 4422.952 4596.194 4776.243 4962.358 5153.882 5344.39 5396.758 5460.083 5533.986 5618.051 5711.83 5771.698 5798.707 5836.309 5884.301 5942.432 6010.408 6087.898 6174.544 6250 6250 6250 6254.998 6269.968 6294.839 6329.495 6373.774 6427.48 6490.377 6562.202 6642.665 6731.456 6731.456 6642.665 6562.202 6490.377 6427.48 6373.774 6329.495 6294.839 6250 6184.658 6128.825 6082.763
-9999 -9999 -9999 -9999 -9999 0 250 500 750 1000 1250 1414.214 1600.781 1802.776 2015.564 2236.068 2462.214 2692.583 2926.175 3162.278 3400.368 3605.551 3750 3905.125 4069.705 4242.641 4422.952 4596.194 4776.243 4949.748 5024.938 5055.937 5099.02 5153.882 5220.153 5297.405 5385.165 5482.928 5522.681 5550.901 5590.17 5640.257 5700.877 5771.698 5852.35 5942.432 6041.523 6149.187 6264.982 6388.466 6519.203 6543.126 6576.473 6619.101 6670.832 6731.456 6800.735 6878.408 6964.194 6964.194 6878.408 6800.735 6731.456 6670.832 6619.101 6576.473 6543.126 6490.377 6427.48 6373.774 6324.555
-9999 -9999 -9999 -9999 -9999 0 250 500 707.1068 901.3878 1060.66 1250 1457.738 1677.051 1903.943 2136.001 2371.708 2610.077 2850.438 3092.329 3335.416 3579.455 3807.886 4038.874 4242.641 4422.952 4562.072 4609.772 4670.385 4743.417 4776.243 4808.846 4854.122 4911.721 4981.215 5062.114 5153.882 5255.949 5273.756 5303.301 5344.39 5396.758 5460.083 5533.986 5618.051 5711.83 5814.852 5926.635 6046.693 6174.544 6309.715 6451.744 6600.189 6754.628 6864.765 6914.658 6973.163 7040.064 7115.125 7198.09 7115.125 7040.064 6973.163 6914.658 6864.765 6823.672 6791.539 6731.456 6670.832 6619.101 6562.202
-9999 -9999 -9999 -9999 -9999 -9999 250 353.5534 559.017 707.1068 901.3878 1118.034 1346.291 1581.139 1820.027 2061.553 2304.886 2549.51 2795.085 3020.761 3250 3482.097 3716.517 3889.087 4069.705 4257.347 4315.669 4366.063 4430.011 4506.939 4527.692 4562.072 4609.772 4670.385 4743.417 4828.302 4924.429 5006.246 5024.938 5055.937 5099.02 5153.882 5220.153 5297.405 5385.165 5482.928 5590.17 5706.356 5830.952 5963.43 6103.278 6250 6403.124 6562.202 6619.101 6670.832 6731.456 6800.735 6878.408 6964.194 7057.797 7158.911 7215.435 7158.911 7110.731 7071.068 7040.064 6973.163 6914.658 6864.765 6800.735
-9999 -9999 -9999 -9999 -9999 -9999 0 250 353.5534 559.017 790.5694 1030.776 1274.755 1520.691 1767.767 2015.564 2236.068 2462.214 2692.583 2926.175 3162.278 3363.406 3535.534 3716.517 3905.125 4031.129 4069.705 4123.105 4190.764 4257.347 4279.311 4315.669 4366.063 4430.011 4506.939 4596.194 4697.074 4756.574 4776.243 4808.846 4854.122 4911.721 4981.215 5062.114 5153.882 5255.949 5367.728 5488.625 5618.051 5755.432 5900.212 6051.859 6209.871 6324.555 6373.774 6427.48 6490.377 6562.202 6642.665 6731.456 6828.25 6932.712 7044.501 7163.274 7288.69 7318.641 7280.11 7215.435 7158.911 7110.731 7040.064
-9999 -9999 -9999 -9999 -9999 -9999 -9999 0 250 500 750 1000 1250 1457.738 1677.051 1903.943 2136.001 2371.708 2610.077 2828.427 3010.399 3181.98 3363.406 3553.167 3716.517 3783.187 3824.265 3881.044 3952.847 4007.805 4031.129 4069.705 4123.105 4190.764 4272.002 4366.063 4472.136 4506.939 4527.692 4562.072 4609.772 4670.385 4743.417 4828.302 4924.429 5031.153 5147.815 5273.756 5408.327 5550.901 5700.877 5857.688 6010.408 6082.763 6128.825 6184.658 6250 6324.555 6408.003 6500 6600.189 6708.204 6823.672 6946.222 7075.486 7211.103 7352.721 7458.217 7403.546 7352.721 7280.11
-9999 -9999 -9999 -9999 -9999 -9999 -9999 0 250 500 707.1068 901.3878 1118.034 1346.291 1581.139 1820.027 2061.553 2304.886 2474.874 2657.536 2828.427 3010.399 3201.562 3363.406 3508.917 3535.534 3579.455 3640.055 3716.517 3758.324 3783.187 3824.265 3881.044 3952.847 4038.874 4138.236 4250 4257.347 4279.311 4315.669 4366.063 4430.011 4506.939 4596.194 4697.074 4808.846 4930.771 5062.114 5202.163 5350.233 5505.679 5667.892 5771.698 5836.309 5884.301 5942.432 6010.408 6087.898 6174.544 6269.968 6373.774 6485.561 6604.922 6731.456 6864.765 7004.463 7150.175 7301.541 7458.217 7591.113 7520.805
-9999 -9999 -9999 -9999 -9999 -9999 -9999 -9999 250 353.5534 559.017 790.5694 1030.776 1274.755 1520.691 1767.767 1952.562 2121.32 2304.886 2474.874 2657.536 2850.438 3010.399 3181.98 3259.601 3288.237 3335.416 3400.368 3482.097 3508.917 3535.534 3579.455 3640.055 3716.517 3807.886 3913.119 4000 4007.805 4031.129 4069.705 4123.105 4190.764 4272.002 4366.063 4472.136 4589.39 4716.991 4854.122 5000 5153.882 5315.073 5460.083 5533.986 5590.17 5640.257 5700.877 5771.698 5852.35 5942.432 6041.523 6149.187 6264.982 6388.466 6519.203 6656.764 6800.735 6950.719 7106.335 7267.221 7420.411 7558.108
-9999 -9999 -9999 -9999 -9999 -9999 -9999 -9999 0 250 500 750 1000 1250 1414.214 1600.781 1767.767 1952.562 2121.32 2304.886 2500 2657.536 2828.427 3000 3010.399 3041.381 3092.329 3162.278 3250 3259.601 3288.237 3335.416 3400.368 3482.097 3579.455 3691.206 3750 3758.324 3783.187 3824.265 3881.044 3952.847 4038.874 4138.236 4250 4373.214 4506.939 4650.269 4802.343 4962.358 5129.571 5220.153 5297.405 5344.39 5396.758 5460.083 5533.986 5618.051 5711.83 5814.852 5926.635 6046.693 6174.544 6309.715 6451.744 6600.189 6754.628 6914.658 7075.486 7211.103 7352.721
-9999 -9999 -9999 -9999 -9999 -9999 -9999 -9999 0 250 500 707.1068 901.3878 1060.66 1250 1414.214 1600.781 1767.767 1952.562 2150.581 2304.886 2474.874 2657.536 2750 2761.34 2795.085 2850.438 2926.175 3000 3010.399 3041.381 3092.329 3162.278 3250 3354.102 3473.111 3500 3508.917 3535.534 3579.455 3640.055 3716.517 3807.886 3913.119 4031.129 4160.829 4301.163 4451.124 4609.772 4776.243 4911.721 4981.215 5055.937 5099.02 5153.882 5220.153 5297.405 5385.165 5482.928 5590.17 5706.356 5830.952 5963.43 6103.278 6250 6403.124 6562.202 6726.812 6864.765 7004.463 7150.175
-9999 -9999 -9999 -9999 -9999 -9999 -9999 -9999 -9999 250 353.5534 559.017 707.1068 901.3878 1060.66 1250 1414.214 1600.781 1802.776 1952.562 2121.32 2304.886 2462.214 2500 2512.469 2549.51 2610.077 2692.583 2750 2761.34 2795.085 2850.438 2926.175 3020.761 3132.491 3250 3250 3259.601 3288.237 3335.416 3400.368 3482.097 3579.455 3691.206 3816.084 3952.847 4100.305 4257.347 4422.952 4596.194 4670.385 4743.417 4808.846 4854.122 4911.721 4981.215 5062.114 5153.882 5255.949 5367.728 5488.625 5618.051 5755.432 5900.212 6051.859 6209.871 6373.774 6519.203 6656.764 6800.735 6946.222
-9999 -9999 -9999 -9999 -9999 -9999 -9999 -9999 -9999 0 250 353.5534 559.017 707.1068 901.3878 1060.66 1250 1457.738 1600.781 1767.767 1952.562 2121.32 2236.068 2250 2263.846 2304.886 2371.708 2462.214 2500 2512.469 2549.51 2610.077 2692.583 2795.085 2915.476 3000 3000 3010.399 3041.381 3092.329 3162.278 3250 3354.102 3473.111 3605.551 3750 3905.125 4069.705 4242.641 4366.063 4430.011 4506.939 4562.072 4609.772 4670.385 4743.417 4828.302 4924.429 5031.153 5147.815 5273.756 5408.327 5550.901 5700.877 5857.688 6020.797 6174.544 6309.715 6451.744 6600.189 6731.456
-9999 -9999 -9999 -9999 -9999 -9999 -9999 -9999 -9999 -9999 0 250 353.5534 559.017 707.1068 901.3878 1118.034 1250 1414.214 1600.781 1767.767 1903.943 2000 2000 2015.564 2061.553 2136.001 2236.068 2250 2263.846 2304.886 2371.708 2462.214 2573.907 2704.164 2750 2750 2761.34 2795.085 2850.438 2926.175 3020.761 3132.491 3259.601 3400.368 3553.167 3716.517 3889.087 4069.705 4123.105 4190.764 4272.002 4315.669 4366.063 4430.011 4506.939 4596.194 4697.074 4808.846 4930.771 5062.114 5202.163 5350.233 5505.679 5667.892 5830.952 5963.43 6103.278 6250 6388.466 6519.203
-9999 -9999 -9999 -9999 -9999 -9999 -9999 -9999 -9999 -9999 -9999 0 250 353.5534 559.017 790.5694 901.3878 1060.66 1250 1414.214 1581.139 1677.051 1750 1750 1767.767 1820.027 1903.943 2000 2000 2015.564 2061.553 2136.001 2236.068 2358.495 2500 2500 2500 2512.469 2549.51 2610.077 2692.583 2795.085 2915.476 3051.639 3201.562 3363.406 3535.534 3716.517 3824.265 3881.044 3952.847 4031.129 4069.705 4123.105 4190.764 4272.002 4366.063 4472.136 4589.39 4716.991 4854.122 5000 5153.882 5315.073 5482.928 5618.051 5755.432 5900.212 6046.693 6174.544 6309.715
-9999 -9999 -9999 -9999 -9999 -9999 -9999 -9999 -9999 -9999 -9999 -9999 0 250 500 559.017 707.1068 901.3878 1060.66 1250 1346.291 1457.738 1500 1500 1520.691 1581.139 1677.051 1750 1750 1767.767 1820.027 1903.943 2015.564 2150.581 2250 2250 2250 2263.846 2304.886 2371.708 2462.214 2573.907 2704.164 2850.438 3010.399 3181.98 3363.406 3535.534 3579.455 3640.055 3716.517 3783.187 3824.265 3881.044 3952.847 4038.874 4138.236 4250 4373.214 4506.939 4650.269 4802.343 4962.358 5129.571 5273.756 5408.327 5550.901 5700.877 5830.952 5963.43 6103.278
-9999 -9999 -9999 -9999 -9999 -9999 -9999 -9999 -9999 -9999 -9999 -9999 0 250 250 353.5534 559.017 707.1068 901.3878 1030.776 1118.034 1250 1250 1250 1274.755 1346.291 1457.738 1500 1500 1520.691 1581.139 1677.051 1802.776 1952.562 2000 2000 2000 2015.564 2061.553 2136.001 2236.068 2358.495 2500 2657.536 2828.427 3010.399 3181.98 3288.237 3335.416 3400.368 3482.097 3535.534 3579.455 3640.055 3716.517 3807.886 3913.119 4031.129 4160.829 4301.163 4451.124 4609.772 4776.243 4930.771 5062.114 5202.163 5350.233 5488.625 5618.051 5755.432 5900.212
-9999 -9999 -9999 -9999 -9999 -9999 -9999 -9999 -9999 -9999 -9999 -9999 -9999 -9999 0 250 353.5534 559.017 707.1068 790.5694 901.3878 1000 1000 1000 1030.776 1118.034 1250 1250 1250 1274.755 1346.291 1457.738 1600.781 1750 1750 1750 1750 1767.767 1820.027 1903.943 2015.564 2150.581 2304.886 2474.874 2657.536 2828.427 3010.399 3041.381 3092.329 3162.278 3250 3288.237 3335.416 3400.368 3482.097 3579.455 3691.206 3816.084 3952.847 4100.305 4257.347 4422.952 4589.39 4716.991 4854.122 5000 5147.815 5273.756 5408.327 5550.901 5700.877
-9999 -9999 -9999 -9999 -9999 -9999 -9999 -9999 -9999 -9999 -9999 -9999 -9999 -9999 -9999 0 250 353.5534 500 559.017 707.1068 750 750 750 790.5694 901.3878 1000 1000 1000 1030.776 1118.034 1250 1414.214 1500 1500 1500 1500 1520.691 1581.139 1677.051 1802.776 1952.562 2121.32 2304.886 2474.874 2657.536 2761.34 2795.085 2850.438 2926.175 3010.399 3041.381 3092.329 3162.278 3250 3354.102 3473.111 3605.551 3750 3905.125 4069.705 4242.641 4373.214 4506.939 4650.269 4802.343 4930.771 5062.114 5202.163 5350.233 5505.679
-9999 -9999 -9999 -9999 -9999 -9999 -9999 -9999 -9999 -9999 -9999 -9999 -9999 -9999 -9999 -9999 0 250 250 353.5534 559.017 500 500 500 559.017 707.1068 750 750 750 790.5694 901.3878 1060.66 1250 1250 1250 1250 1250 1274.755 1346.291 1457.738 1600.781 1767.767 1952.562 2121.32 2304.886 2462.214 2512.469 2549.51 2610.077 2692.583 2761.34 2795.085 2850.438 2926.175 3020.761 3132.491 3259.601 3400.368 3553.167 3716.517 3889.087 4031.129 4160.829 4301.163 4451.124 4589.39 4716.991 4854.122 5000 5153.882 5315.073
-9999 -9999 -9999 -9999 -9999 -9999 -9999 -9999 -9999 -9999 -9999 -9999 -9999 -9999 -9999 -9999 -9999 -9999 0 250 353.5534 250 250 250 353.5534 500 500 500 500 559.017 707.1068 901.3878 1000 1000 1000 1000 1000 1030.776 1118.034 1250 1414.214 1600.781 1767.767 1952.562 2121.32 2236.068 2263.846 2304.886 2371.708 2462.214 2512.469 2549.51 2610.077 2692.583 2795.085 2915.476 3051.639 3201.562 3363.406 3535.534 3691.206 3816.084 3952.847 4100.305 4250 4373.214 4506.939 4650.269 4802.343 4962.358 5129.571
-9999 -9999 -9999 -9999 -9999 -9999 -9999 -9999 -9999 -9999 -9999 -9999 -9999 -9999 -9999 -9999 -9999 -9999 -9999 -9999 -9999 0 0 0 250 250 250 250 250 353.5534 559.017 707.1068 750 750 750 750 750 790.5694 901.3878 1060.66 1250 1414.214 1600.781 1767.767 1903.943 2000 2015.564 2061.553 2136.001 2236.068 2263.846 2304.886 2371.708 2462.214 2573.907 2704.164 2850.438 3010.399 3181.98 3354.102 3473.111 3605.551 3750 3905.125 4031.129 4160.829 4301.163 4451.124 4609.772 4776.243 4949.748
-9999 -9999 -9999 -9999 -9999 -9999 -9999 -9999 -9999 -9999 -9999 -9999 -9999 -9999 -9999 -9999 -9999 -9999 -9999 -9999 -9999 -9999 -9999 -9999 -9999 0 0 0 0 250 353.5534 559.017 500 500 500 500 500 559.017 707.1068 901.3878 1060.66 1250 1414.214 1581.139 1677.051 1750 1767.767 1820.027 1903.943 2000 2015.564 2061.553 2136.001 2236.068 2358.495 2500 2657.536 2828.427 3010.399 3132.491 3259.601 3400.368 3553.167 3691.206 3816.084 3952.847 4100.305 4257.347 4422.952 4596.194 4776.243
-9999 -9999 -9999 -9999 -9999 -9999 -9999 -9999 -9999 -9999 -9999 -9999 -9999 -9999 -9999 -9999 -9999 -9999 -9999 -9999 -9999 -9999 -9999 -9999 -9999 -9999 -9999 -9999 -9999 0 250 353.5534 250 250 250 250 250 353.5534 559.017 707.1068 901.3878 1060.66 1250 1346.291 1457.738 1500 1520.691 1581.139 1677.051 1750 1767.767 1820.027 1903.943 2015.564 2150.581 2304.886 2474.874 2657.536 2795.085 2915.476 3051.639 3201.562 3354.102 3473.111 3605.551 3750 3905.125 4069.705 4242.641 4422.952 4596.194
-9999 -9999 -9999 -9999 -9999 -9999 -9999 -9999 -9999 -9999 -9999 -9999 -9999 -9999 -9999 -9999 -9999 -9999 -9999 -9999 -9999 -9999 -9999 -9999 -9999 -9999 -9999 -9999 -9999 -9999 -9999 -9999 0 0 0 0 0 250 353.5534 559.017 707.1068 901.3878 1030.776 1118.034 1250 1250 1274.755 1346.291 1457.738 1500 1520.691 1581.139 1677.051 1802.776 1952.562 2121.32 2304.886 2462.214 2573.907 2704.164 2850.438 3010.399 3132.491 3259.601 3400.368 3553.167 3716.517 3889.087 4069.705 4242.641 4422.952
-9999 -9999 -9999 -9999 -9999 -9999 -9999 -9999 -9999 -9999 -9999 -9999 -9999 -9999 -9999 -9999 -9999 -9999 -9999 -9999 -9999 -9999 -9999 -9999 -9999 -9999 -9999 -9999 -9999 -9999 -9999 -9999 -9999 -9999 -9999 -9999 -9999 0 250 353.5534 559.017 707.1068 790.5694 901.3878 1030.776 1000 1030.776 1118.034 1250 1250 1274.755 1346.291 1457.738 1600.781 1767.767 1952.562 2121.32 2236.068 2358.495 2500 2657.536 2795.085 2915.476 3051.639 3201.562 3363.406 3535.534 3716.517 3889.087 4069.705 4257.347
-9999 -9999 -9999 -9999 -9999 -9999 -9999 -9999 -9999 -9999 -9999 -9999 -9999 -9999 -9999 -9999 -9999 -9999 -9999 -9999 -9999 -9999 -9999 -9999 -9999 -9999 -9999 -9999 -9999 -9999 -9999 -9999 -9999 -9999 -9999 -9999 -9999 -9999 0 250 353.5534 500 559.017 707.1068 790.5694 750 790.5694 901.3878 1000 1000 1030.776 1118.034 1250 1414.214 1600.781 1767.767 1903.943 2015.564 2150.581 2304.886 2462.214 2573.907 2704.164 2850.438 3010.399 3181.98 3363.406 3535.534 3716.517 3905.125 4100.305
-9999 -9999 -9999 -9999 -9999 -9999 -9999 -9999 -9999 -9999 -9999 -9999 -9999 -9999 -9999 -9999 -9999 -9999 -9999 -9999 -9999 -9999 -9999 -9999 -9999 -9999 -9999 -9999 -9999 -9999 -9999 -9999 -9999 -9999 -9999 -9999 -9999 -9999 -9999 0 250 250 353.5534 500 559.017 500 559.017 707.1068 750 750 790.5694 901.3878 1060.66 1250 1414.214 1581.139 1677.051 1802.776 1952.562 2121.32 2236.068 2358.495 2500 2657.536 2828.427 3010.399 3181.98 3363.406 3553.167 3750 3952.847
-9999 -9999 -9999 -9999 -9999 -9999 -9999 -9999 -9999 -9999 -9999 -9999 -9999 -9999 -9999 -9999 -9999 -9999 -9999 -9999 -9999 -9999 -9999 -9999 -9999 -9999 -9999 -9999 -9999 -9999 -9999 -9999 -9999 -9999 -9999 -9999 -9999 -9999 -9999 -9999 250 0 250 250 353.5534 250 353.5534 500 500 500 559.017 707.1068 901.3878 1060.66 1250 1346.291 1457.738 1600.781 1767.767 1903.943 2015.564 2150.581 2304.886 2474.874 2657.536 2828.427 3010.399 3201.562 3400.368 3605.551 3816.084
-9999 -9999 -9999 -9999 -9999 -9999 -9999 -9999 -9999 -9999 -9999 -9999 -9999 -9999 -9999 -9999 -9999 -9999 -9999 -9999 -9999 -9999 -9999 -9999 -9999 -9999 -9999 -9999 -9999 -9999 -9999 -9999 -9999 -9999 -9999 -9999 -9999 -9999 -9999 -9999 -9999 -9999 -9999 0 250 0 250 250 250 250 353.5534 559.017 707.1068 901.3878 1030.776 1118.034 1250 1414.214 1581.139 1677.051 1802.776 1952.562 2121.32 2304.886 2474.874 2657.536 2850.438 3051.639 3259.601 3473.111 3691.206
-9999 -9999 -9999 -9999 -9999 -9999 -9999 -9999 -9999 -9999 -9999 -9999 -9999 -9999 -9999 -9999 -9999 -9999 -9999 -9999 -9999 -9999 -9999 -9999 -9999 -9999 -9999 -9999 -9999 -9999 -9999 -9999 -9999 -9999 -9999 -9999 -9999 -9999 -9999 -9999 -9999 -9999 -9999 -9999 -9999 -9999 0 0 0 0 250 353.5534 559.017 707.1068 790.5694 901.3878 1060.66 1250 1346.291 1457.738 1600.781 1767.767 1952.562 2121.32 2304.886 2500 2704.164 2915.476 3132.491 3354.102 3535.534
-9999 -9999 -9999 -9999 -9999 -9999 -9999 -9999 -9999 -9999 -9999 -9999 -9999 -9999 -9999 -9999 -9999 -9999 -9999 -9999 -9999 -9999 -9999 -9999 -9999 -9999 -9999 -9999 -9999 -9999 -9999 -9999 -9999 -9999 -9999 -9999 -9999 -9999 -9999 -9999 -9999 -9999 -9999 -9999 -9999 -9999 -9999 -9999 -9999 -9999 0 250 353.5534 500 559.017 707.1068 901.3878 1030.776 1118.034 1250 1414.214 1600.781 1767.767 1952.562 2150.581 2358.495 2573.907 2795.085 3010.399 3181.98 3363.406
