components/klab.component.landcover/etc/demofiles/sc1gr10.fil
ncols         128
nrows         108
xllcorner     436000
yllcorner     1356000
cellsize      250
NODATA_value  -9999
[rows 32 to 63 of 108, columns 0 to 71 of 128]
-9999 -9999 -9999 -9999 -9999 0 250 353.5534 559.017 790.5694 1030.776 1274.755 1520.691 1767.767 2015.564 2263.846 2512.469 2761.34 3010.399 3259.601 3400.368 3553.167 3716.517 3824.265 3783.187 3758.324 3750 3750 3750 3750 3750 3750 3579.455 3335.416 3092.329 2850.438 2610.077 2371.708 2136.001 1903.943 1677.051 1457.738 1250 1000 750 500 250 0 250 353.5534 559.017 790.5694 1030.776 1274.755 1520.691 1767.767 2015.564 2263.846 2512.469 2761.34 3010.399 3259.601 3508.917 3758.324 4007.805 4257.347 4506.939 4756.574 4962.358 5129.571 5303.301 5482.928
-9999 -9999 -9999 -9999 -9999 0 0 250 500 750 1000 1250 1500 1750 2000 2250 2500 2750 3000 3250 3500 3716.517 3889.087 4069.705 4031.129 4007.805 4000 4000 4000 4000 3913.119 3691.206 3473.111 3250 3020.761 2795.085 2549.51 2304.886 2061.553 1820.027 1581.139 1346.291 1118.034 901.3878 707.1068 500 250 0 250 500 707.1068 901.3878 1118.034 1346.291 1581.139 1820.027 2061.553 2304.886 2549.51 2795.085 3041.381 3288.237 3535.534 3783.187 4031.129 4279.311 4527.692 4776.243 5024.938 5273.756 5482.928 5656.854
-9999 -9999 -9999 -9999 -9999 -9999 0 250 500 750 1000 1250 1500 1750 2000 2250 2500 2750 3000 3201.562 3363.406 3535.534 3716.517 3889.087 4031.129 4069.705 4123.105 4190.764 4250 4031.129 3807.886 3579.455 3354.102 3132.491 2915.476 2692.583 2462.214 2236.068 2015.564 1767.767 1520.691 1274.755 1030.776 790.5694 559.017 353.5534 250 0 250 500 750 1000 1250 1457.738 1677.051 1903.943 2136.001 2371.708 2610.077 2850.438 3092.329 3335.416 3579.455 3824.265 4069.705 4315.669 4562.072 4808.846 5055.937 5303.301 5550.901 5798.707
-9999 -9999 -9999 -9999 -9999 -9999 0 250 500 750 1000 1250 1500 1750 2000 2250 2474.874 2657.536 2850.438 3010.399 3181.98 3363.406 3535.534 3716.517 3783.187 3824.265 3881.044 3952.847 4007.805 3913.119 3691.206 3473.111 3250 3020.761 2795.085 2573.907 2358.495 2136.001 1903.943 1677.051 1457.738 1250 1000 750 500 250 0 0 250 500 750 1000 1250 1500 1750 2000 2236.068 2462.214 2692.583 2926.175 3162.278 3400.368 3640.055 3881.044 4123.105 4366.063 4609.772 4854.122 5099.02 5344.39 5590.17 5836.309
-9999 -9999 -9999 -9999 -9999 -9999 -9999 353.5534 559.017 790.5694 1030.776 1274.755 1520.691 1767.767 1952.562 2121.32 2304.886 2500 2657.536 2828.427 3010.399 3181.98 3363.406 3482.097 3535.534 3579.455 3640.055 3716.517 3758.324 3783.187 3579.455 3354.102 3132.491 2915.476 2692.583 2462.214 2236.068 2015.564 1802.776 1581.139 1346.291 1118.034 901.3878 707.1068 500 250 0 250 353.5534 559.017 790.5694 1030.776 1274.755 1520.691 1767.767 2015.564 2263.846 2512.469 2761.34 3010.399 3250 3482.097 3716.517 3952.847 4190.764 4430.011 4670.385 4911.721 5153.882 5396.758 5640.257 5884.301
-9999 -9999 -9999 -9999 -9999 -9999 -9999 559.017 707.1068 901.3878 1118.034 1346.291 1457.738 1600.781 1767.767 1952.562 2150.581 2304.886 2474.874 2657.536 2828.427 3010.399 3162.278 3250 3288.237 3335.416 3400.368 3482.097 3508.917 3535.534 3482.097 3250 3020.761 2795.085 2573.907 2358.495 2136.001 1903.943 1677.051 1457.738 1250 1030.776 790.5694 559.017 353.5534 250 0 250 500 707.1068 901.3878 1118.034 1346.291 1581.139 1820.027 2061.553 2304.886 2549.51 2795.085 3041.381 3288.237 3535.534 3783.187 4031.129 4272.002 4506.939 4743.417 4981.215 5220.153 5460.083 5700.877 5942.432
-9999 -9999 -9999 -9999 -9999 -9999 -9999 -9999 901.3878 1000 1030.776 1118.034 1250 1414.214 1600.781 1802.776 1952.562 2121.32 2304.886 2474.874 2657.536 2828.427 2926.175 3010.399 3041.381 3092.329 3162.278 3250 3259.601 3288.237 3335.416 3162.278 2926.175 2692.583 2462.214 2236.068 2015.564 1802.776 1581.139 1346.291 1118.034 901.3878 707.1068 500 250 0 0 250 500 750 1000 1250 1457.738 1677.051 1903.943 2136.001 2371.708 2610.077 2850.438 3092.329 3335.416 3579.455 3824.265 4069.705 4315.669 4562.072 4808.846 5055.937 5297.405 5533.986 5771.698 6010.408
-9999 -9999 -9999 -9999 -9999 -9999 -9999 -9999 790.5694 750 790.5694 901.3878 1060.66 1250 1457.738 1600.781 1767.767 1952.562 2121.32 2304.886 2474.874 2610.077 2692.583 2761.34 2795.085 2850.438 2926.175 3000 3010.399 3041.381 3092.329 3092.329 2850.438 2610.077 2371.708 2136.001 1903.943 1677.051 1457.738 1250 1030.776 790.5694 559.017 353.5534 250 0 250 353.5534 559.017 790.5694 1030.776 1274.755 1520.691 1767.767 2015.564 2236.068 2462.214 2692.583 2926.175 3162.278 3400.368 3640.055 3881.044 4123.105 4366.063 4609.772 4854.122 5099.02 5344.39 5590.17 5836.309 6082.763
-9999 -9999 -9999 -9999 -9999 -9999 -9999 -9999 559.017 500 559.017 707.1068 901.3878 1118.034 1250 1414.214 1600.781 1767.767 1952.562 2121.32 2304.886 2371.708 2462.214 2512.469 2549.51 2610.077 2692.583 2750 2761.34 2795.085 2850.438 2926.175 2795.085 2549.51 2304.886 2061.553 1820.027 1581.139 1346.291 1118.034 901.3878 707.1068 500 250 0 0 250 500 707.1068 901.3878 1118.034 1346.291 1581.139 1820.027 2061.553 2304.886 2549.51 2795.085 3020.761 3250 3482.097 3716.517 3952.847 4190.764 4430.011 4670.385 4911.721 5153.882 5396.758 5640.257 5884.301 6128.825
-9999 -9999 -9999 -9999 -9999 -9999 -9999 -9999 -9999 250 353.5534 559.017 790.5694 901.3878 1060.66 1250 1414.214 1600.781 1767.767 1952.562 2061.553 2136.001 2236.068 2263.846 2304.886 2371.708 2462.214 2500 2512.469 2549.51 2610.077 2692.583 2761.34 2512.469 2263.846 2015.564 1767.767 1520.691 1274.755 1030.776 790.5694 559.017 353.5534 250 0 250 353.5534 559.017 790.5694 1030.776 1250 1457.738 1677.051 1903.943 2136.001 2371.708 2610.077 2850.438 3092.329 3335.416 3579.455 3807.886 4038.874 4272.002 4506.939 4743.417 4981.215 5220.153 5460.083 5700.877 5942.432 6184.658
-9999 -9999 -9999 -9999 -9999 -9999 -9999 -9999 -9999 0 250 500 559.017 707.1068 901.3878 1060.66 1250 1414.214 1600.781 1767.767 1820.027 1903.943 2000 2015.564 2061.553 2136.001 2236.068 2250 2263.846 2304.886 2371.708 2462.214 2573.907 2462.214 2236.068 2000 1750 1500 1250 1000 750 500 250 0 0 250 500 707.1068 901.3878 1118.034 1346.291 1581.139 1802.776 2015.564 2236.068 2462.214 2692.583 2926.175 3162.278 3400.368 3640.055 3881.044 4123.105 4366.063 4596.194 4828.302 5062.114 5297.405 5533.986 5771.698 6010.408 6250
-9999 -9999 -9999 -9999 -9999 -9999 -9999 -9999 -9999 -9999 353.5534 250 353.5534 559.017 707.1068 901.3878 1060.66 1250 1414.214 1520.691 1581.139 1677.051 1750 1767.767 1820.027 1903.943 2000 2000 2015.564 2061.553 2136.001 2236.068 2358.495 2371.708 2136.001 1903.943 1677.051 1457.738 1250 1000 750 500 250 0 250 353.5534 559.017 790.5694 1030.776 1250 1457.738 1677.051 1903.943 2136.001 2358.495 2573.907 2795.085 3020.761 3250 3482.097 3716.517 3952.847 4190.764 4430.011 4670.385 4911.721 5153.882 5385.165 5618.051 5852.35 6087.898 6324.555
-9999 -9999 -9999 -9999 -9999 -9999 -9999 -9999 -9999 -9999 -9999 0 250 353.5534 559.017 707.1068 901.3878 1060.66 1250 1274.755 1346.291 1457.738 1500 1520.691 1581.139 1677.051 1750 1750 1767.767 1820.027 1903.943 2015.564 2136.001 2236.068 2061.553 1820.027 1581.139 1346.291 1118.034 901.3878 707.1068 500 250 0 250 500 707.1068 901.3878 1118.034 1346.291 1581.139 1802.776 2015.564 2236.068 2462.214 2692.583 2915.476 3132.491 3354.102 3579.455 3807.886 4038.874 4272.002 4506.939 4743.417 4981.215 5220.153 5460.083 5700.877 5900.212 6046.693 6174.544
-9999 -9999 -9999 -9999 -9999 -9999 -9999 -9999 -9999 -9999 -9999 -9999 0 250 353.5534 559.017 707.1068 901.3878 1000 1030.776 1118.034 1250 1250 1274.755 1346.291 1457.738 1500 1500 1520.691 1581.139 1677.051 1802.776 1903.943 2015.564 1952.562 1767.767 1520.691 1274.755 1030.776 790.5694 559.017 353.5534 250 0 250 500 750 1000 1250 1457.738 1677.051 1903.943 2136.001 2358.495 2573.907 2795.085 3020.761 3250 3473.111 3691.206 3913.119 4138.236 4366.063 4596.194 4828.302 5062.114 5273.756 5408.327 5550.901 5700.877 5830.952 5963.43
-9999 -9999 -9999 -9999 -9999 -9999 -9999 -9999 -9999 -9999 -9999 -9999 0 0 250 353.5534 559.017 707.1068 750 790.5694 901.3878 1000 1000 1030.776 1118.034 1250 1250 1250 1274.755 1346.291 1457.738 1581.139 1677.051 1767.767 1767.767 1600.781 1414.214 1250 1000 750 500 250 0 0 250 500 750 1000 1250 1500 1750 2000 2236.068 2462.214 2692.583 2915.476 3132.491 3354.102 3579.455 3807.886 4031.129 4250 4472.136 4650.269 4802.343 4930.771 5062.114 5202.163 5350.233 5488.625 5618.051 5755.432
-9999 -9999 -9999 -9999 -9999 -9999 -9999 -9999 -9999 -9999 -9999 -9999 -9999 -9999 0 250 353.5534 500 500 559.017 707.1068 750 750 790.5694 901.3878 1000 1000 1000 1030.776 1118.034 1250 1346.291 1457.738 1520.691 1581.139 1414.214 1250 1060.66 901.3878 707.1068 500 250 0 250 353.5534 559.017 790.5694 1030.776 1274.755 1520.691 1767.767 2015.564 2263.846 2512.469 2761.34 3010.399 3259.601 3473.111 3691.206 3913.119 4031.129 4160.829 4301.163 4451.124 4589.39 4716.991 4854.122 5000 5147.815 5273.756 5408.327 5550.901
-9999 -9999 -9999 -9999 -9999 -9999 -9999 -9999 -9999 -9999 -9999 -9999 -9999 -9999 -9999 0 250 250 250 353.5534 500 500 500 559.017 707.1068 750 750 750 790.5694 901.3878 1030.776 1118.034 1250 1274.755 1346.291 1250 1060.66 901.3878 707.1068 559.017 353.5534 250 0 250 500 707.1068 901.3878 1118.034 1346.291 1581.139 1820.027 2061.553 2304.886 2549.51 2795.085 3041.381 3288.237 3482.097 3579.455 3691.206 3816.084 3952.847 4100.305 4250 4373.214 4506.939 4650.269 4802.343 4930.771 5062.114 5202.163 5350.233
-9999 -9999 -9999 -9999 -9999 -9999 -9999 -9999 -9999 -9999 -9999 -9999 -9999 -9999 -9999 -9999 0 0 0 250 250 250 250 353.5534 500 500 500 500 559.017 707.1068 790.5694 901.3878 1000 1030.776 1118.034 1118.034 901.3878 707.1068 559.017 353.5534 250 0 0 250 500 750 1000 1250 1457.738 1677.051 1903.943 2136.001 2371.708 2610.077 2850.438 3092.329 3162.278 3250 3354.102 3473.111 3605.551 3750 3905.125 4031.129 4160.829 4301.163 4451.124 4589.39 4716.991 4854.122 5000 5153.882
-9999 -9999 -9999 -9999 -9999 -9999 -9999 -9999 -9999 -9999 -9999 -9999 -9999 -9999 -9999 -9999 -9999 -9999 0 0 0 0 0 250 250 250 250 250 353.5534 500 559.017 707.1068 750 790.5694 901.3878 1000 790.5694 559.017 353.5534 250 0 0 250 353.5534 559.017 790.5694 1030.776 1274.755 1520.691 1767.767 2015.564 2236.068 2462.214 2692.583 2795.085 2850.438 2926.175 3020.761 3132.491 3259.601 3400.368 3553.167 3691.206 3816.084 3952.847 4100.305 4250 4373.214 4506.939 4650.269 4802.343 4962.358
-9999 -9999 -9999 -9999 -9999 -9999 -9999 -9999 -9999 -9999 -9999 -9999 -9999 -9999 -9999 -9999 -9999 -9999 -9999 -9999 -9999 250 0 0 0 0 0 0 250 250 353.5534 500 500 559.017 707.1068 750 707.1068 500 250 0 0 250 353.5534 559.017 707.1068 901.3878 1118.034 1346.291 1581.139 1820.027 2061.553 2304.886 2371.708 2462.214 2549.51 2610.077 2692.583 2795.085 2915.476 3051.639 3201.562 3354.102 3473.111 3605.551 3750 3905.125 4031.129 4160.829 4301.163 4451.124 4609.772 4776.243
-9999 -9999 -9999 -9999 -9999 -9999 -9999 -9999 -9999 -9999 -9999 -9999 -9999 -9999 -9999 -9999 -9999 -9999 -9999 -9999 -9999 -9999 -9999 -9999 -9999 250 250 0 0 0 250 250 250 353.5534 500 500 500 353.5534 250 0 250 353.5534 559.017 707.1068 901.3878 1060.66 1250 1457.738 1677.051 1903.943 2015.564 2061.553 2136.001 2236.068 2304.886 2371.708 2462.214 2573.907 2704.164 2850.438 3010.399 3132.491 3259.601 3400.368 3553.167 3691.206 3816.084 3952.847 4100.305 4257.347 4422.952 4596.194
-9999 -9999 -9999 -9999 -9999 -9999 -9999 -9999 -9999 -9999 -9999 -9999 -9999 -9999 -9999 -9999 -9999 -9999 -9999 -9999 -9999 -9999 -9999 -9999 -9999 -9999 -9999 -9999 -9999 0 0 0 0 250 250 250 250 250 0 0 250 500 707.1068 901.3878 1060.66 1250 1414.214 1581.139 1677.051 1750 1767.767 1820.027 1903.943 2015.564 2061.553 2136.001 2236.068 2358.495 2500 2657.536 2795.085 2915.476 3051.639 3201.562 3354.102 3473.111 3605.551 3750 3905.125 4069.705 4242.641 4422.952
-9999 -9999 -9999 -9999 -9999 -9999 -9999 -9999 -9999 -9999 -9999 -9999 -9999 -9999 -9999 -9999 -9999 -9999 -9999 -9999 -9999 -9999 -9999 -9999 -9999 -9999 -9999 -9999 -9999 -9999 -9999 -9999 0 0 0 0 0 0 0 250 353.5534 559.017 790.5694 901.3878 1030.776 1118.034 1250 1346.291 1457.738 1500 1520.691 1581.139 1677.051 1767.767 1820.027 1903.943 2015.564 2150.581 2304.886 2462.214 2573.907 2704.164 2850.438 3010.399 3132.491 3259.601 3400.368 3553.167 3716.517 3889.087 4069.705 4257.347
-9999 -9999 -9999 -9999 -9999 -9999 -9999 -9999 -9999 -9999 -9999 -9999 -9999 -9999 -9999 -9999 -9999 -9999 -9999 -9999 -9999 -9999 -9999 -9999 -9999 -9999 -9999 -9999 -9999 -9999 -9999 -9999 -9999 -9999 -9999 -9999 -9999 0 0 250 353.5534 500 559.017 707.1068 790.5694 901.3878 1030.776 1118.034 1250 1250 1274.755 1346.291 1457.738 1520.691 1581.139 1677.051 1802.776 1952.562 2121.32 2236.068 2358.495 2500 2657.536 2795.085 2915.476 3051.639 3201.562 3363.406 3535.534 3716.517 3905.125 4100.305
-9999 -9999 -9999 -9999 -9999 -9999 -9999 -9999 -9999 -9999 -9999 -9999 -9999 -9999 -9999 -9999 -9999 -9999 -9999 -9999 -9999 -9999 -9999 -9999 -9999 -9999 -9999 -9999 -9999 -9999 -9999 -9999 -9999 -9999 -9999 -9999 -9999 -9999 0 0 250 250 353.5534 500 559.017 707.1068 790.5694 901.3878 1000 1000 1030.776 1118.034 1250 1274.755 1346.291 1457.738 1600.781 1767.767 1903.943 2015.564 2150.581 2304.886 2462.214 2573.907 2704.164 2850.438 3010.399 3181.98 3363.406 3553.167 3750 3952.847
-9999 -9999 -9999 -9999 -9999 -9999 -9999 -9999 -9999 -9999 -9999 -9999 -9999 -9999 -9999 -9999 -9999 -9999 -9999 -9999 -9999 -9999 -9999 -9999 -9999 -9999 -9999 -9999 -9999 -9999 -9999 -9999 -9999 -9999 -9999 -9999 -9999 -9999 -9999 0 0 0 250 250 353.5534 500 559.017 707.1068 750 750 790.5694 901.3878 1000 1030.776 1118.034 1250 1414.214 1581.139 1677.051 1802.776 1952.562 2121.32 2236.068 2358.495 2500 2657.536 2828.427 3010.399 3201.562 3400.368 3605.551 3816.084
-9999 -9999 -9999 -9999 -9999 -9999 -9999 -9999 -9999 -9999 -9999 -9999 -9999 -9999 -9999 -9999 -9999 -9999 -9999 -9999 -9999 -9999 -9999 -9999 -9999 -9999 -9999 -9999 -9999 -9999 -9999 -9999 -9999 -9999 -9999 -9999 -9999 -9999 -9999 -9999 250 0 0 0 250 250 353.5534 500 500 500 559.017 707.1068 750 790.5694 901.3878 1060.66 1250 1346.291 1457.738 1600.781 1767.767 1903.943 2015.564 2150.581 2304.886 2474.874 2657.536 2850.438 3051.639 3259.601 3473.111 3691.206
-9999 -9999 -9999 -9999 -9999 -9999 -9999 -9999 -9999 -9999 -9999 -9999 -9999 -9999 -9999 -9999 -9999 -9999 -9999 -9999 -9999 -9999 -9999 -9999 -9999 -9999 -9999 -9999 -9999 -9999 -9999 -9999 -9999 -9999 -9999 -9999 -9999 -9999 -9999 -9999 -9999 -9999 -9999 0 0 0 250 250 250 250 353.5534 500 500 559.017 707.1068 901.3878 1030.776 1118.034 1250 1414.214 1581.139 1677.051 1802.776 1952.562 2121.32 2304.886 2500 2704.164 2915.476 3132.491 3354.102 3579.455
-9999 -9999 -9999 -9999 -9999 -9999 -9999 -9999 -9999 -9999 -9999 -9999 -9999 -9999 -9999 -9999 -9999 -9999 -9999 -9999 -9999 -9999 -9999 -9999 -9999 -9999 -9999 -9999 -9999 -9999 -9999 -9999 -9999 -9999 -9999 -9999 -9999 -9999 -9999 -9999 -9999 -9999 -9999 -9999 -9999 -9999 0 0 0 0 250 250 250 353.5534 559.017 707.1068 790.5694 901.3878 1060.66 1250 1346.291 1457.738 1600.781 1767.767 1952.562 2150.581 2358.495 2573.907 2795.085 3020.761 3250 3473.111
-9999 -9999 -9999 -9999 -9999 -9999 -9999 -9999 -9999 -9999 -9999 -9999 -9999 -9999 -9999 -9999 -9999 -9999 -9999 -9999 -9999 -9999 -9999 -9999 -9999 -9999 -9999 -9999 -9999 -9999 -9999 -9999 -9999 -9999 -9999 -9999 -9999 -9999 -9999 -9999 -9999 -9999 -9999 -9999 -9999 -9999 -9999 -9999 -9999 -9999 0 0 0 250 353.5534 500 559.017 707.1068 901.3878 1030.776 1118.034 1250 1414.214 1600.781 1802.776 2015.564 2236.068 2462.214 2692.583 2915.476 3132.491 3354.102
-9999 -9999 -9999 -9999 -9999 -9999 -9999 -9999 -9999 -9999 -9999 -9999 -9999 -9999 -9999 -9999 -9999 -9999 -9999 -9999 -9999 -9999 -9999 -9999 -9999 -9999 -9999 -9999 -9999 -9999 -9999 -9999 -9999 -9999 -9999 -9999 -9999 -9999 -9999 -9999 -9999 -9999 -9999 -9999 -9999 -9999 -9999 -9999 -9999 -9999 -9999 250 0 0 250 250 353.5534 559.017 750 790.5694 901.3878 1060.66 1250 1457.738 1677.051 1903.943 2136.001 2358.495 2573.907 2795.085 3020.761 3250
-9999 -9999 -9999 -9999 -9999 -9999 -9999 -9999 -9999 -9999 -9999 -9999 -9999 -9999 -9999 -9999 -9999 -9999 -9999 -9999 -9999 -9999 -9999 -9999 -9999 -9999 -9999 -9999 -9999 -9999 -9999 -9999 -9999 -9999 -9999 -9999 -9999 -9999 -9999 -9999 -9999 -9999 -9999 -9999 -9999 -9999 -9999 -9999 -9999 -9999 -9999 -9999 250 0 0 0 250 500 500 559.017 707.1068 901.3878 1118.034 1346.291 1581.139 1802.776 2015.564 2236.068 2462.214 2692.583 2915.476 3132.491
