components/klab.component.landcover/etc/demofiles/sc1gr7.fil
ncols         128
nrows         108
xllcorner     436000
yllcorner     1356000
cellsize      250
NODATA_value  -9999
[rows 0 to 30 of 108, columns 0 to 67 of 128]
-9999 -9999 -9999 -9999 -9999 -9999 -9999 -9999 -9999 -9999 -9999 -9999 -9999 -9999 -9999 -9999 -9999 -9999 -9999 -9999 -9999 -9999 -9999 -9999 -9999 -9999 -9999 -9999 -9999 -9999 -9999 -9999 -9999 -9999 -9999 -9999 -9999 -9999 -9999 -9999 -9999 -9999 -9999 -9999 -9999 -9999 -9999 -9999 -9999 -9999 -9999 -9999 -9999 -9999 -9999 -9999 -9999 -9999 -9999 -9999 -9999 -9999 -9999 -9999 -9999 -9999 -9999 -9999
-9999 -9999 -9999 -9999 -9999 -9999 -9999 -9999 -9999 -9999 -9999 -9999 -9999 -9999 -9999 -9999 -9999 -9999 -9999 -9999 -9999 -9999 -9999 -9999 -9999 -9999 -9999 -9999 -9999 -9999 -9999 -9999 -9999 -9999 -9999 -9999 -9999 -9999 -9999 -9999 -9999 -9999 -9999 -9999 -9999 -9999 -9999 -9999 -9999 -9999 -9999 -9999 -9999 -9999 -9999 -9999 -9999 -9999 -9999 -9999 -9999 -9999 -9999 -9999 -9999 -9999 -9999 -9999
-9999 -9999 -9999 -9999 -9999 -9999 -9999 -9999 -9999 -9999 -9999 -9999 -9999 -9999 -9999 -9999 -9999 -9999 -9999 -9999 -9999 -9999 -9999 -9999 -9999 -9999 -9999 -9999 -9999 -9999 -9999 -9999 -9999 -9999 -9999 -9999 -9999 -9999 -9999 -9999 -9999 -9999 -9999 -9999 -9999 -9999 -9999 -9999 -9999 -9999 -9999 -9999 -9999 0 8.213522e-007 1.535799e-006 0.1202616 0.304369 0.09821315 -9999 -9999 -9999 -9999 -9999 -9999 -9999 -9999 -9999
-9999 -9999 -9999 -9999 -9999 -9999 -9999 -9999 -9999 -9999 -9999 -9999 -9999 -9999 -9999 -9999 -9999 -9999 -9999 -9999 -9999 -9999 -9999 -9999 -9999 -9999 -9999 -9999 -9999 -9999 -9999 -9999 -9999 -9999 -9999 -9999 -9999 -9999 -9999 -9999 -9999 -9999 -9999 -9999 -9999 -9999 -9999 -9999 -9999 -9999 -9999 -9999 0.1819028 0.7716998 1.657947 1.940824 2.074048 2.099764 1.397079 0.5928775 0 -9999 -9999 -9999 -9999 -9999 -9999 -9999
-9999 -9999 -9999 -9999 -9999 -9999 -9999 -9999 -9999 -9999 -9999 -9999 -9999 -9999 -9999 -9999 -9999 -9999 -9999 -9999 -9999 -9999 -9999 -9999 -9999 -9999 -9999 -9999 -9999 -9999 -9999 -9999 -9999 -9999 -9999 -9999 -9999 -9999 -9999 -9999 -9999 -9999 -9999 -9999 -9999 -9999 -9999 -9999 -9999 -9999 0 2.615658e-006 1.084222 2.126647 3.484478 3.951467 4.097774 4.065505 3.102432 2.073056 0.8408023 0.09766711 -9999 -9999 -9999 0.00989688 -9999 -9999
-9999 -9999 -9999 -9999 -9999 -9999 -9999 -9999 -9999 -9999 -9999 -9999 -9999 -9999 -9999 -9999 -9999 -9999 -9999 -9999 -9999 -9999 -9999 -9999 -9999 -9999 -9999 -9999 -9999 -9999 -9999 -9999 -9999 -9999 0.5748227 0.4401855 -9999 -9999 -9999 -9999 -9999 -9999 -9999 -9999 -9999 -9999 -9999 -9999 -9999 0.1946128 1.158704 2.069083 3.790542 4.857021 6.275073 6.841242 7.213549 7.330445 6.180029 4.813044 3.578434 1.700338 0.1053423 2.545145 19.55535 37.93224 23.71147 7.841878
-9999 -9999 -9999 -9999 -9999 -9999 -9999 -9999 -9999 -9999 -9999 -9999 -9999 -9999 -9999 -9999 -9999 -9999 -9999 -9999 -9999 -9999 -9999 -9999 -9999 -9999 -9999 -9999 -9999 -9999 -9999 0 3.566828e-005 -9999 1.975947 1.983854 0.3334324 5.129587 19.9389 14.96199 5.310286 0.002325331 0 -9999 -9999 -9999 1.114736e-007 7.020991e-007 0.5273643 1.341651 3.339242 4.876935 6.473429 7.105429 8.040844 8.520691 9.181999 9.51902 8.464365 7.149436 6.485458 4.804928 4.106244 8.539783 38.69665 76.29262 101.0375 68.60268
-9999 -9999 -9999 -9999 -9999 -9999 -9999 -9999 -9999 -9999 -9999 -9999 -9999 -9999 -9999 -9999 -9999 -9999 -9999 -9999 -9999 -9999 -9999 -9999 -9999 -9999 -9999 -9999 -9999 -9999 0.1605462 9.050035 5.232978 2.524951 4.459723 10.04328 4.865199 19.96064 20.48203 19.99655 19.85682 5.424191 1.256541 0.7166027 0.3742044 0.5021901 1.148013 1.542189 2.464099 3.609066 6.767156 9.399757 10.23452 9.99986 10.19667 10.74571 12.32423 13.02555 11.89223 10.2449 10.85941 15.1784 31.57636 59.26263 103.241 139.8101 195.4996 161.3803
-9999 -9999 -9999 -9999 -9999 -9999 -9999 -9999 -9999 -9999 -9999 -9999 -9999 -9999 -9999 -9999 -9999 -9999 -9999 -9999 -9999 -9999 -9999 -9999 -9999 -9999 0.1074735 -9999 -9999 0 5.988034 19.84966 9.977164 5.809325 10.03401 22.10959 19.57954 21.89769 19.99937 13.40968 10.03722 6.699729 3.238164 1.927972 0.8172327 1.350421 1.965234 2.391723 3.263803 4.198733 6.830269 9.993933 9.999714 10.00003 10.64493 11.78346 14.7519 15.76905 14.27453 12.80001 15.91693 29.15085 69.57794 89.80898 137.5829 200.9753 226.2207 182.5597
-9999 -9999 -9999 -9999 -9999 -9999 -9999 -9999 -9999 -9999 -9999 -9999 -9999 -9999 -9999 -9999 -9999 -9999 -9999 -9999 -9999 -9999 -9999 -9999 -9999 -9999 9.989293 6.761808 4.243716 5.287307 19.98907 32.15475 25.97971 10.22829 24.22469 28.2003 26.80502 24.32841 19.52861 16.56104 10.00038 9.999832 6.523363 3.143103 1.507276 1.84182 2.204949 2.692999 3.99826 4.958203 6.025682 6.436284 8.845021 10.07214 9.238474 12.14863 18.8083 19.69548 17.73677 16.96741 26.14935 56.90022 115.658 134.3456 177.6929 256.0822 299.7536 266.6748
-9999 -9999 -9999 -9999 -9999 -9999 -9999 -9999 -9999 -9999 -9999 -9999 -9999 -9999 -9999 -9999 -9999 -9999 -9999 -9999 -9999 0.03984321 -9999 -9999 -9999 1.495622 8.532132 10.1427 20.00836 20.14142 41.55936 46.75903 37.62584 29.02638 28.0161 28.51516 28.18868 25.5448 20.7467 19.99779 12.65581 11.5728 9.126999 5.558308 1.656626 1.781529 2.438368 2.576146 4.086082 5.580642 7.911739 7.435495 14.95086 19.81339 9.643093 12.78852 20.0004 20.51433 20.00041 20.81038 32.22488 61.71741 123.5492 172.8556 202.6088 283.2096 320.9357 319.0818
-9999 -9999 -9999 -9999 -9999 -9999 -9999 -9999 -9999 -9999 -9999 -9999 -9999 -9999 -9999 -9999 -9999 -9999 -9999 -9999 9.735132 20.10652 16.32981 10.74169 19.42346 5.970881 14.27346 28.08041 62.90298 81.48643 58.77837 48.78578 49.43949 48.74083 45.10975 37.95287 31.70697 30.0118 23.46909 19.99886 18.09972 17.50686 14.99084 11.94112 4.714433 2.329028 2.642721 2.459864 3.472572 6.487266 15.84385 22.54446 23.10449 19.94125 9.999585 13.7569 16.71375 20.00079 23.8532 27.52195 40.71497 52.33115 92.89079 100.5761 136.1742 203.5134 297.4713 315.9799
-9999 -9999 -9999 -9999 -9999 -9999 -9999 -9999 -9999 -9999 -9999 -9999 -9999 -9999 -9999 -9999 -9999 -9999 -9999 12.15925 19.99334 28.50501 37.67131 32.72919 39.81942 20.61604 19.70953 36.53934 85.24917 100.0325 80.30743 55.23786 52.2538 53.52647 52.13053 43.5865 33.45262 33.33899 26.12238 21.02275 20.57643 19.99995 19.99719 20.00074 10.40932 6.197244 3.620764 3.608046 5.968565 19.69343 29.2144 41.8341 34.48231 21.75378 11.65517 12.7811 16.04155 19.99531 24.62368 31.93656 53.1734 70.53392 85.82609 97.94038 110.3339 153.6111 213.7288 266.1539
-9999 -9999 -9999 -9999 -9999 -9999 -9999 -9999 -9999 -9999 -9999 -9999 -9999 -9999 -9999 -9999 -9999 -9999 20.00318 10.82353 19.91386 47.14373 99.52022 98.02988 91.43032 37.95282 31.33281 54.85607 99.99716 88.75445 82.70258 77.21635 59.74719 55.65084 53.7729 47.53896 34.80148 35.80809 28.85771 24.00904 20.8027 20.26685 22.0608 24.04345 19.99953 14.28659 8.033087 6.430216 9.992702 20.79749 67.99934 85.31193 51.71009 30.91389 20.60362 19.97598 18.54782 19.9984 23.22014 34.51067 59.63752 80.75253 134.0136 193.1571 196.0474 158.9639 164.2929 187.3993
-9999 -9999 -9999 -9999 -9999 -9999 -9999 -9999 -9999 -9999 -9999 -9999 -9999 -9999 -9999 -9999 -9999 2.191902 16.67881 15.9925 15.24922 57.54941 104.5667 96.58536 58.63678 62.34339 51.81157 73.03239 99.42947 89.10378 100.6764 96.09389 74.77702 62.39867 58.86699 62.11386 49.98774 32.72345 27.92958 25.01532 21.26873 20.33051 21.53996 23.10164 20.97833 17.84865 13.44338 10.00755 11.45002 40.90922 92.40768 104.9605 66.86481 46.00547 34.27404 25.07566 22.12134 24.15334 27.55804 37.30814 56.83344 71.60826 128.1993 199.0059 211.0941 198.9397 198.6872 216.0447
-9999 -9999 -9999 -9999 -9999 -9999 -9999 -9999 -9999 -9999 -9999 -9999 -9999 -9999 -9999 -9999 18.02219 22.07396 18.26872 20.2227 19.95445 51.09396 101.1916 92.71545 84.07153 96.88891 75.94569 82.70834 99.96526 100.0005 99.9912 101.4757 95.66982 96.38487 84.75235 89.70379 91.13123 73.14098 32.66381 26.07801 21.10347 20.49115 21.09237 21.57302 20.874 20.61902 22.82747 20.02345 15.47867 50.32716 106.4012 106.6154 85.71699 78.43944 59.76685 45.40106 40.08785 40.241 38.08126 44.97557 59.74925 76.01618 138.2905 199.4581 241.7478 277.8349 297.1794 292.6114
-9999 -9999 -9999 -9999 -9999 -9999 -9999 -9999 -9999 -9999 -9999 -9999 -9999 -9999 -9999 -9999 19.97608 36.16588 28.08658 19.93176 52.03495 59.51983 92.04277 99.97585 101.2803 106.0484 91.64862 99.9312 109.3063 114.5277 110.6535 108.8515 97.47456 75.55463 86.6029 94.717 101.5961 88.28218 42.33884 25.97229 19.69928 18.64206 19.98024 16.25607 18.80867 20.2846 16.45372 12.79767 15.38132 39.71658 92.59244 103.5701 100.0219 96.40553 73.33713 57.29126 53.56713 54.20075 45.18229 49.71815 60.89795 75.75797 177.2929 232.2274 301.6291 352.8366 385.8268 367.4741
-9999 -9999 -9999 -9999 -9999 -9999 -9999 -9999 -9999 -9999 -9999 -9999 -9999 -9999 -9999 0.5465341 49.23693 82.40107 96.86995 91.37803 85.75745 82.4781 100.1778 126.1829 172.9128 161.3895 139.5266 156.4731 179.2749 176.9268 142.6742 122.2563 100.0417 93.61797 84.52425 94.92613 106.9956 108.2086 143.6026 103.0856 41.5371 16.69834 16.55603 22.59013 15.5443 14.88336 15.57177 19.99289 24.469 40.29377 72.58965 89.14893 101.6381 99.99756 84.29784 70.70397 74.9084 82.67084 71.81433 58.79286 67.89368 76.84793 141.8851 207.6501 346.048 427.2656 496.2978 512.3832
-9999 -9999 -9999 -9999 -9999 -9999 -9999 -9999 -9999 -9999 -9999 -9999 -9999 -9999 -9999 2.529183 48.3371 99.34177 100.9043 99.99974 100.174 106.9256 110.246 145.0404 211.2454 199.4785 198.6508 199.9346 200.0195 199.6613 148.509 123.6314 104.4209 99.89017 89.07822 96.23645 118.483 149.2861 208.9717 157.1102 25.666 18.79353 26.73214 36.29423 25.72475 19.99264 19.99244 17.26244 21.87226 34.2207 57.93557 72.91013 96.43234 100.0003 88.75612 79.04083 85.00523 94.04456 103.0346 67.77089 82.04912 100.0264 155.5643 205.3497 330.2911 445.657 537.2924 586.2659
-9999 -9999 -9999 -9999 -9999 -9999 -9999 -9999 -9999 -9999 -9999 -9999 -9999 -9999 12.41436 35.93472 80.5148 87.66161 100.3814 122.9967 153.6732 187.5159 182.3226 175.9469 259.8484 264.9243 230.0667 199.6716 167.7794 154.5103 118.3266 108.026 99.99244 92.86331 89.75053 100.6495 152.5367 181.9608 207.4001 169.2276 42.57002 44.72488 75.57638 81.64068 54.16267 36.57981 22.80092 18.9651 28.82233 44.042 64.31746 73.32733 85.66499 99.99957 94.25673 89.07111 99.84526 100.6842 118.0088 108.9371 87.60184 114.2067 169.4602 204.3344 297.5226 344.3471 468.6924 536.4353
-9999 -9999 -9999 -9999 -9999 -9999 -9999 -9999 -9999 -9999 -9999 0.05203693 0 4.612175 19.93543 64.65434 100.0235 99.94989 134.9113 170.5396 181.9631 195.8007 212.9245 208.0458 296.7525 298.8339 275.9359 245.1157 167.8125 126.7263 100.0123 99.88522 89.50027 93.45351 102.0039 133.1178 183.4879 200.5911 215.898 195.0936 86.91122 88.66292 99.99764 99.93501 66.23547 45.62345 24.06758 23.49063 45.67801 65.18227 83.70537 90.01329 86.20202 102.3552 96.93056 99.9193 122.3449 138.2042 144.7124 127.7458 90.1608 100.2975 183.7305 227.3204 301.0627 344.2512 466.1919 533.1332
-9999 -9999 -9999 -9999 -9999 -9999 -9999 -9999 -9999 23.52914 38.79176 20.66865 21.79676 10.30407 39.00595 68.8183 96.27201 120.6889 197.1363 226.1628 234.0779 249.3307 295.6902 286.9678 299.9675 301.8375 299.5217 268.1182 184.7592 149.4014 111.5781 96.6943 99.76541 124.2561 180.9867 219.11 236.0164 239.0462 217.6028 183.5966 149.9574 189.4447 169.7571 104.8245 76.26659 61.17915 44.62375 41.58393 71.11375 94.6178 100.0015 96.38243 102.9302 115.9755 122.7071 131.4484 165.3809 190.0203 198.9825 183.4685 131.5166 106.2433 202.4054 294.1304 395.8476 421.9065 504.5869 591.1661
-9999 -9999 -9999 -9999 -9999 -9999 -9999 -9999 16.83677 56.01411 74.01482 57.29477 44.97819 33.08221 77.87206 88.56088 107.8864 133.4138 200.8611 250.5553 298.0743 304.1442 338.2948 333.1562 328.9754 321.5699 295.8231 254.9446 201.537 181.3445 140.7088 115.7141 110.7252 148.9003 215.2765 261.5477 281.8104 268.3574 231.0254 202.7548 216.495 291.258 256.3312 150.3037 87.9352 76.75488 63.95657 49.69727 78.88138 100.0125 102.7092 100.1775 124.5708 142.4069 155.0374 169.6805 199.1741 200.9533 231.4003 239.1161 202.708 127.4796 197.6266 287.1988 350.8322 355.5138 427.3571 504.5785
-9999 -9999 -9999 -9999 -9999 -9999 -9999 9.413499 37.30473 78.64763 108.625 132.237 107.8243 65.40938 75.97256 93.46338 117.8044 146.7062 195.6864 238.1689 307.4794 392.1196 443.0475 439.887 424.1447 385.0019 336.7431 301.8291 246.5999 219.0517 177.619 139.9312 154.3994 177.507 201.1326 272.2908 307.5533 299.9408 264.1077 258.0824 296.6093 298.8701 299.4103 207.4674 124.6023 122.7372 90.3065 60.38216 80.65492 99.95732 118.994 141.8295 172.895 191.0727 191.9797 204.6323 292.6592 298.1832 328.797 355.1617 283.8129 154.0458 186.3798 201.9317 195.8785 213.325 285.9057 317.8863
-9999 -9999 -9999 -9999 -9999 -9999 -9999 3.06187 19.91854 58.41953 126.2334 195.0049 148.7084 94.26165 98.53198 92.26269 148.7048 186.1674 222.1161 264.5414 332.7676 406.8571 504.1531 500.1924 481.2965 422.518 339.8913 300.2719 244.0345 211.8427 173.4677 156.0292 170.0356 199.468 228.7415 270.9542 308.8471 300.4594 277.0272 285.3621 301.5366 302.9422 302.3334 251.5026 197.6458 154.6623 100.9664 75.18858 79.39551 97.22468 130.7222 167.3723 199.6726 207.6941 219.9447 249.116 330.426 357.2466 396.3985 405.9232 303.4682 209.6665 195.6414 220.829 237.1664 224.629 297.7628 290.502
-9999 -9999 -9999 -9999 -9999 -9999 -9999 3.024131 37.40953 73.05426 104.8064 179.9307 179.3079 172.6103 122.5167 133.8268 170.196 200.2572 277.9178 342.4438 422.6165 470.8239 521.6166 521.8955 477.8094 402.2464 314.7955 262.1168 204.8498 186.6781 199.0099 212.1102 181.9535 199.8167 271.6949 328.3537 395.2194 398.8461 360.5164 368.8951 383.6104 396.7662 431.9198 392.2839 284.6356 190.1113 140.5541 111.7373 83.17915 94.83058 125.9106 162.6629 207.1849 235.3844 281.3337 300.698 381.9018 414.0731 455.3759 450.6353 323.3702 308.2544 339.618 400.0467 309.7052 269.8303 352.3439 428.0099
-9999 -9999 -9999 -9999 -9999 -9999 -9999 10.3903 80.83741 109.9953 140.6235 197.5954 214.0671 220.4794 170.2585 146.8773 196.4212 227.8039 307.2818 392.8634 514.9324 533.2181 529.3063 512.0933 429.2847 378.227 298.0917 264.7834 216.2549 199.8328 206.6499 258.2024 216.6752 197.4689 282.6679 369.0694 437.0217 456.8397 452.188 451.1385 450.0498 465.4883 508.6564 447.7303 296.1733 244.2332 170.6399 130.2744 84.17439 99.95596 110.7444 126.6082 215.2392 260.5929 309.0105 320.6835 414.6183 443.6149 504.0697 536.5266 405.1524 373.9162 436.5443 497.0853 327.0979 284.3998 388.6581 501.5324
-9999 -9999 -9999 -9999 -9999 -9999 7.511731 32.40643 99.80267 106.3773 160.4908 199.3525 241.7231 285.1383 253.9409 232.3894 284.1582 300.907 367.2905 467.2737 586.0973 587.9476 502.1143 468.8611 399.1584 369.2792 306.5221 302.0909 271.2069 233.1284 269.8161 309.7766 300.946 290.1198 260.5647 340.6174 479.6398 517.8759 533.4434 536.1774 555.5354 560.1486 569.262 508.8419 423.4174 349.2712 226.5977 168.1276 110.2589 92.86704 99.78325 148.6972 290.9184 336.539 354.0233 397.3998 479.3832 503.0182 575.358 653.8156 574.5164 469.916 557.3748 585.4213 290.513 299.0223 407.5928 544.5031
-9999 -9999 -9999 -9999 -9999 3.354117e-005 10.1046 23.31059 90.83711 112.2728 156.9589 189.0388 242.422 302.2268 326.5389 274.5255 313.0392 371.8862 412.0528 505.4785 613.444 597.5342 494.5079 482.6705 459.2512 468.2496 405.8083 397.2073 324.7477 256.8882 281.3566 324.9816 365.4668 354.6956 276.8199 316.3525 498.1747 561.9323 577.1781 583.1064 625.782 647.6725 613.5058 583.0033 507.0417 407.5048 267.3903 200.6463 140.59 115.6871 143.9102 207.3373 331.5864 398.7419 410.2137 450.2166 542.3887 595.0942 680.9199 771.335 669.3463 580.6011 624.4767 595.5039 331.626 312.4859 393.4621 452.504
-9999 -9999 -9999 -9999 -9999 20.11596 64.56685 100.8954 161.9183 168.6289 194.1302 190.2604 255.5412 325.2452 410.7915 386.2823 392.203 452.6656 545.3376 583.6067 662.0375 603.8582 523.458 525.0471 556.1962 590.7916 527.9729 450.3644 336.9486 286.4561 304.7468 385.9569 457.9031 448.1102 364.1074 332.3423 490.7993 600.0157 654.8923 665.6671 720.5444 762.5114 765.9012 702.0721 609.6199 503.4511 317.8164 251.9846 184.317 166.9063 235.0467 307.8767 453.1544 538.9184 587.5886 551.2596 571.2083 645.2917 830.1553 887.9413 812.9237 729.8201 732.0584 539.7376 401.1364 440.5467 541.8317 574.1791
-9999 -9999 -9999 -9999 -9999 20.4484 89.05317 133.105 208.0668 200.116 221.8744 252.3298 280.5 342.6038 422.7585 466.1265 508.0621 557.1191 629.6361 666.3083 701.6507 640.4933 561.1679 597.2087 651.9922 645.0279 548.6094 454.8282 349.2412 318.111 339.6038 404.0528 516.8738 500.2153 428.3037 366.9143 473.4749 593.8826 690.2583 700.8278 748.7462 785.1707 792.92 747.5656 656.636 555.5891 366.9281 292.9275 215.9435 202.1014 308.4681 410.6811 556.9664 630.3559 710.5474 704.0029 678.645 761.5629 872.0791 916.8013 892.6382 831.3547 782.6258 605.6121 445.1194 514.8225 655.3527 701.5562
