components/klab.component.landcover/etc/demofiles/sc1gr11.fil
ncols         128
nrows         108
xllcorner     436000
yllcorner     1356000
cellsize      250
NODATA_value  -9999
[rows 0 to 30 of 108, columns 0 to 68 of 128]
-9999 -9999 -9999 -9999 -9999 -9999 -9999 -9999 -9999 -9999 -9999 -9999 -9999 -9999 -9999 -9999 -9999 -9999 -9999 -9999 -9999 -9999 -9999 -9999 -9999 -9999 -9999 -9999 -9999 -9999 -9999 -9999 -9999 -9999 -9999 -9999 -9999 -9999 -9999 -9999 -9999 -9999 -9999 -9999 -9999 -9999 -9999 -9999 -9999 -9999 -9999 -9999 -9999 -9999 -9999 -9999 -9999 -9999 -9999 -9999 -9999 -9999 -9999 -9999 -9999 -9999 -9999 -9999 -9999
-9999 -9999 -9999 -9999 -9999 -9999 -9999 -9999 -9999 -9999 -9999 -9999 -9999 -9999 -9999 -9999 -9999 -9999 -9999 -9999 -9999 -9999 -9999 -9999 -9999 -9999 -9999 -9999 -9999 -9999 -9999 -9999 -9999 -9999 -9999 -9999 -9999 -9999 -9999 -9999 -9999 -9999 -9999 -9999 -9999 -9999 -9999 -9999 -9999 -9999 -9999 -9999 -9999 -9999 -9999 -9999 -9999 -9999 -9999 -9999 -9999 -9999 -9999 -9999 -9999 -9999 -9999 -9999 -9999
-9999 -9999 -9999 -9999 -9999 -9999 -9999 -9999 -9999 -9999 -9999 -9999 -9999 -9999 -9999 -9999 -9999 -9999 -9999 -9999 -9999 -9999 -9999 -9999 -9999 -9999 -9999 -9999 -9999 -9999 -9999 -9999 -9999 -9999 -9999 -9999 -9999 -9999 -9999 -9999 -9999 -9999 -9999 -9999 -9999 -9999 -9999 -9999 -9999 -9999 -9999 -9999 -9999 2304.886 2474.874 2657.536 2850.438 3051.639 3259.601 -9999 -9999 -9999 -9999 -9999 -9999 -9999 -9999 -9999 -9999
-9999 -9999 -9999 -9999 -9999 -9999 -9999 -9999 -9999 -9999 -9999 -9999 -9999 -9999 -9999 -9999 -9999 -9999 -9999 -9999 -9999 -9999 -9999 -9999 -9999 -9999 -9999 -9999 -9999 -9999 -9999 -9999 -9999 -9999 -9999 -9999 -9999 -9999 -9999 -9999 -9999 -9999 -9999 -9999 -9999 -9999 -9999 -9999 -9999 -9999 -9999 -9999 1952.562 2121.32 2304.886 2500 2704.164 2915.476 3132.491 3354.102 3579.455 -9999 -9999 -9999 -9999 -9999 -9999 -9999 -9999
-9999 -9999 -9999 -9999 -9999 -9999 -9999 -9999 -9999 -9999 -9999 -9999 -9999 -9999 -9999 -9999 -9999 -9999 -9999 -9999 -9999 -9999 -9999 -9999 -9999 -9999 -9999 -9999 -9999 -9999 -9999 -9999 -9999 -9999 -9999 -9999 -9999 -9999 -9999 -9999 -9999 -9999 -9999 -9999 -9999 -9999 -9999 -9999 -9999 -9999 1457.738 1600.781 1767.767 1952.562 2150.581 2358.495 2573.907 2795.085 3020.761 3250 3482.097 3716.517 -9999 -9999 -9999 4670.385 -9999 -9999 -9999
-9999 -9999 -9999 -9999 -9999 -9999 -9999 -9999 -9999 -9999 -9999 -9999 -9999 -9999 -9999 -9999 -9999 -9999 -9999 -9999 -9999 -9999 -9999 -9999 -9999 -9999 -9999 -9999 -9999 -9999 -9999 -9999 -9999 -9999 3400.368 3162.278 -9999 -9999 -9999 -9999 -9999 -9999 -9999 -9999 -9999 -9999 -9999 -9999 -9999 1118.034 1250 1414.214 1600.781 1802.776 2015.564 2236.068 2462.214 2692.583 2926.175 3162.278 3400.368 3640.055 3881.044 4123.105 4366.063 4609.772 4854.122 5099.02 -9999
-9999 -9999 -9999 -9999 -9999 -9999 -9999 -9999 -9999 -9999 -9999 -9999 -9999 -9999 -9999 -9999 -9999 -9999 -9999 -9999 -9999 -9999 -9999 -9999 -9999 -9999 -9999 -9999 -9999 -9999 -9999 4069.705 3824.265 -9999 3335.416 3092.329 2850.438 2610.077 2371.708 2136.001 1903.943 1677.051 1457.738 -9999 -9999 -9999 790.5694 750 790.5694 901.3878 1060.66 1250 1457.738 1677.051 1903.943 2136.001 2371.708 2610.077 2850.438 3092.329 3335.416 3579.455 3824.265 4069.705 4315.669 4562.072 4808.846 5055.937 5303.301
-9999 -9999 -9999 -9999 -9999 -9999 -9999 -9999 -9999 -9999 -9999 -9999 -9999 -9999 -9999 -9999 -9999 -9999 -9999 -9999 -9999 -9999 -9999 -9999 -9999 -9999 -9999 -9999 -9999 -9999 4279.311 4031.129 3783.187 3535.534 3288.237 3041.381 2795.085 2549.51 2304.886 2061.553 1820.027 1581.139 1346.291 1118.034 901.3878 707.1068 559.017 500 559.017 707.1068 901.3878 1118.034 1346.291 1581.139 1820.027 2061.553 2304.886 2549.51 2795.085 3041.381 3288.237 3535.534 3783.187 4031.129 4279.311 4527.692 4776.243 5024.938 5273.756
-9999 -9999 -9999 -9999 -9999 -9999 -9999 -9999 -9999 -9999 -9999 -9999 -9999 -9999 -9999 -9999 -9999 -9999 -9999 -9999 -9999 -9999 -9999 -9999 -9999 -9999 5255.949 -9999 -9999 4506.939 4257.347 4007.805 3758.324 3508.917 3259.601 3010.399 2761.34 2512.469 2263.846 2015.564 1767.767 1520.691 1274.755 1030.776 790.5694 559.017 353.5534 250 353.5534 559.017 790.5694 1030.776 1274.755 1520.691 1767.767 2015.564 2263.846 2512.469 2761.34 3010.399 3259.601 3508.917 3758.324 4007.805 4257.347 4506.939 4756.574 5006.246 5255.949
-9999 -9999 -9999 -9999 -9999 -9999 -9999 -9999 -9999 -9999 -9999 -9999 -9999 -9999 -9999 -9999 -9999 -9999 -9999 -9999 -9999 -9999 -9999 -9999 -9999 -9999 5250 5000 4750 4500 4250 4000 3750 3500 3250 3000 2750 2500 2250 2000 1750 1500 1250 1000 750 500 250 0 250 500 750 1000 1250 1500 1750 2000 2250 2500 2750 3000 3250 3500 3750 4000 4250 4500 4750 5000 5250
-9999 -9999 -9999 -9999 -9999 -9999 -9999 -9999 -9999 -9999 -9999 -9999 -9999 -9999 -9999 -9999 -9999 -9999 -9999 -9999 -9999 6504.806 -9999 -9999 -9999 5505.679 5255.949 5006.246 4756.574 4506.939 4257.347 4007.805 3758.324 3508.917 3259.601 3010.399 2761.34 2512.469 2263.846 2015.564 1767.767 1520.691 1274.755 1030.776 790.5694 559.017 353.5534 250 353.5534 559.017 790.5694 1030.776 1274.755 1520.691 1767.767 2015.564 2263.846 2512.469 2761.34 3010.399 3259.601 3508.917 3758.324 4007.805 4257.347 4506.939 4756.574 5006.246 5255.949
-9999 -9999 -9999 -9999 -9999 -9999 -9999 -9999 -9999 -9999 -9999 -9999 -9999 -9999 -9999 -9999 -9999 -9999 -9999 -9999 6768.493 6519.203 6269.968 6020.797 5771.698 5522.681 5273.756 5024.938 4776.243 4527.692 4279.311 4031.129 3783.187 3535.534 3288.237 3041.381 2795.085 2549.51 2304.886 2061.553 1820.027 1581.139 1346.291 1118.034 901.3878 707.1068 559.017 500 559.017 707.1068 901.3878 1118.034 1346.291 1581.139 1820.027 2061.553 2304.886 2549.51 2795.085 3041.381 3288.237 3535.534 3783.187 4031.129 4279.311 4527.692 4776.243 5024.938 5273.756
-9999 -9999 -9999 -9999 -9999 -9999 -9999 -9999 -9999 -9999 -9999 -9999 -9999 -9999 -9999 -9999 -9999 -9999 -9999 7040.064 6791.539 6543.126 6294.839 6046.693 5798.707 5550.901 5303.301 5055.937 4808.846 4562.072 4315.669 4069.705 3824.265 3579.455 3335.416 3092.329 2850.438 2610.077 2371.708 2136.001 1903.943 1677.051 1457.738 1250 1060.66 901.3878 790.5694 750 790.5694 901.3878 1060.66 1250 1457.738 1677.051 1903.943 2136.001 2371.708 2610.077 2850.438 3092.329 3335.416 3579.455 3824.265 4069.705 4315.669 4562.072 4808.846 5055.937 5303.301
-9999 -9999 -9999 -9999 -9999 -9999 -9999 -9999 -9999 -9999 -9999 -9999 -9999 -9999 -9999 -9999 -9999 -9999 7318.641 7071.068 6823.672 6576.473 6329.495 6082.763 5836.309 5590.17 5344.39 5099.02 4854.122 4609.772 4366.063 4123.105 3881.044 3640.055 3400.368 3162.278 2926.175 2692.583 2462.214 2236.068 2015.564 1802.776 1600.781 1414.214 1250 1118.034 1030.776 1000 1030.776 1118.034 1250 1414.214 1600.781 1802.776 2015.564 2236.068 2462.214 2692.583 2926.175 3162.278 3400.368 3640.055 3881.044 4123.105 4366.063 4609.772 4854.122 5099.02 5344.39
-9999 -9999 -9999 -9999 -9999 -9999 -9999 -9999 -9999 -9999 -9999 -9999 -9999 -9999 -9999 -9999 -9999 7603.453 7356.97 7110.731 6864.765 6619.101 6373.774 6128.825 5884.301 5640.257 5396.758 5153.882 4911.721 4670.385 4430.011 4190.764 3952.847 3716.517 3482.097 3250 3020.761 2795.085 2573.907 2358.495 2150.581 1952.562 1767.767 1600.781 1457.738 1346.291 1274.755 1250 1274.755 1346.291 1457.738 1600.781 1767.767 1952.562 2150.581 2358.495 2573.907 2795.085 3020.761 3250 3482.097 3716.517 3952.847 4190.764 4430.011 4670.385 4911.721 5153.882 5396.758
-9999 -9999 -9999 -9999 -9999 -9999 -9999 -9999 -9999 -9999 -9999 -9999 -9999 -9999 -9999 -9999 7893.827 7648.529 7403.546 7158.911 6914.658 6670.832 6427.48 6184.658 5942.432 5700.877 5460.083 5220.153 4981.215 4743.417 4506.939 4272.002 4038.874 3807.886 3579.455 3354.102 3132.491 2915.476 2704.164 2500 2304.886 2121.32 1952.562 1802.776 1677.051 1581.139 1520.691 1500 1520.691 1581.139 1677.051 1802.776 1952.562 2121.32 2304.886 2500 2704.164 2915.476 3132.491 3354.102 3579.455 3807.886 4038.874 4272.002 4506.939 4743.417 4981.215 5220.153 5460.083
-9999 -9999 -9999 -9999 -9999 -9999 -9999 -9999 -9999 -9999 -9999 -9999 -9999 -9999 -9999 -9999 7945.125 7701.461 7458.217 7215.435 6973.163 6731.456 6490.377 6250 6010.408 5771.698 5533.986 5297.405 5062.114 4828.302 4596.194 4366.063 4138.236 3913.119 3691.206 3473.111 3259.601 3051.639 2850.438 2657.536 2474.874 2304.886 2150.581 2015.564 1903.943 1820.027 1767.767 1750 1767.767 1820.027 1903.943 2015.564 2150.581 2304.886 2474.874 2657.536 2850.438 3051.639 3259.601 3473.111 3691.206 3913.119 4138.236 4366.063 4596.194 4828.302 5062.114 5297.405 5533.986
-9999 -9999 -9999 -9999 -9999 -9999 -9999 -9999 -9999 -9999 -9999 -9999 -9999 -9999 -9999 8246.211 8003.905 7762.087 7520.805 7280.11 7040.064 6800.735 6562.202 6324.555 6087.898 5852.35 5618.051 5385.165 5153.882 4924.429 4697.074 4472.136 4250 4031.129 3816.084 3605.551 3400.368 3201.562 3010.399 2828.427 2657.536 2500 2358.495 2236.068 2136.001 2061.553 2015.564 2000 2015.564 2061.553 2136.001 2236.068 2358.495 2500 2657.536 2828.427 3010.399 3201.562 3400.368 3605.551 3816.084 4031.129 4250 4472.136 4697.074 4924.429 5153.882 5385.165 5618.051
-9999 -9999 -9999 -9999 -9999 -9999 -9999 -9999 -9999 -9999 -9999 -9999 -9999 -9999 -9999 8310.385 8070.006 7830.23 7591.113 7352.721 7115.125 6878.408 6642.665 6408.003 6174.544 5942.432 5711.83 5482.928 5255.949 5031.153 4808.846 4589.39 4373.214 4160.829 3952.847 3750 3553.167 3363.406 3181.98 3010.399 2850.438 2704.164 2573.907 2462.214 2371.708 2304.886 2263.846 2250 2263.846 2304.886 2371.708 2462.214 2573.907 2704.164 2850.438 3010.399 3181.98 3363.406 3553.167 3750 3952.847 4160.829 4373.214 4589.39 4808.846 5031.153 5255.949 5482.928 5711.83
-9999 -9999 -9999 -9999 -9999 -9999 -9999 -9999 -9999 -9999 -9999 -9999 -9999 -9999 8620.47 8381.527 8143.249 7905.694 7668.931 7433.034 7198.09 6964.194 6731.456 6500 6269.968 6041.523 5814.852 5590.17 5367.728 5147.815 4930.771 4716.991 4506.939 4301.163 4100.305 3905.125 3716.517 3535.534 3363.406 3201.562 3051.639 2915.476 2795.085 2692.583 2610.077 2549.51 2512.469 2500 2512.469 2549.51 2610.077 2692.583 2795.085 2915.476 3051.639 3201.562 3363.406 3535.534 3716.517 3905.125 4100.305 4301.163 4506.939 4716.991 4930.771 5147.815 5367.728 5590.17 5814.852
-9999 -9999 -9999 -9999 -9999 -9999 -9999 -9999 -9999 -9999 -9999 9410.765 9171.968 8933.784 8696.264 8459.462 8223.442 7988.272 7754.031 7520.805 7288.69 7057.797 6828.25 6600.189 6373.774 6149.187 5926.635 5706.356 5488.625 5273.756 5062.114 4854.122 4650.269 4451.124 4257.347 4069.705 3889.087 3716.517 3553.167 3400.368 3259.601 3132.491 3020.761 2926.175 2850.438 2795.085 2761.34 2750 2761.34 2795.085 2850.438 2926.175 3020.761 3132.491 3259.601 3400.368 3553.167 3716.517 3889.087 4069.705 4257.347 4451.124 4650.269 4854.122 5062.114 5273.756 5488.625 5706.356 5926.635
-9999 -9999 -9999 -9999 -9999 -9999 -9999 -9999 -9999 9962.43 9724.325 9486.833 9250 9013.878 8778.525 8544.004 8310.385 8077.747 7846.177 7615.773 7386.644 7158.911 6932.712 6708.204 6485.561 6264.982 6046.693 5830.952 5618.051 5408.327 5202.163 5000 4802.343 4609.772 4422.952 4242.641 4069.705 3905.125 3750 3605.551 3473.111 3354.102 3250 3162.278 3092.329 3041.381 3010.399 3000 3010.399 3041.381 3092.329 3162.278 3250 3354.102 3473.111 3605.551 3750 3905.125 4069.705 4242.641 4422.952 4609.772 4802.343 5000 5202.163 5408.327 5618.051 5830.952 6046.693
-9999 -9999 -9999 -9999 -9999 -9999 -9999 -9999 10277.4 10040.54 9804.336 9568.83 9334.077 9100.138 8867.074 8634.958 8403.868 8173.892 7945.125 7717.674 7491.662 7267.221 7044.501 6823.672 6604.922 6388.466 6174.544 5963.43 5755.432 5550.901 5350.233 5153.882 4962.358 4776.243 4596.194 4422.952 4257.347 4100.305 3952.847 3816.084 3691.206 3579.455 3482.097 3400.368 3335.416 3288.237 3259.601 3250 3259.601 3288.237 3335.416 3400.368 3482.097 3579.455 3691.206 3816.084 3952.847 4100.305 4257.347 4422.952 4596.194 4776.243 4962.358 5153.882 5350.233 5550.901 5755.432 5963.43 6174.544
-9999 -9999 -9999 -9999 -9999 -9999 -9999 10594.81 10359.17 10124.23 9890.021 9656.604 9424.038 9192.388 8961.725 8732.125 8503.676 8276.473 8050.621 7826.238 7603.453 7382.412 7163.274 6946.222 6731.456 6519.203 6309.715 6103.278 5900.212 5700.877 5505.679 5315.073 5129.571 4949.748 4776.243 4609.772 4451.124 4301.163 4160.829 4031.129 3913.119 3807.886 3716.517 3640.055 3579.455 3535.534 3508.917 3500 3508.917 3535.534 3579.455 3640.055 3716.517 3807.886 3913.119 4031.129 4160.829 4301.163 4451.124 4609.772 4776.243 4949.748 5129.571 5315.073 5505.679 5700.877 5900.212 6103.278 6309.715
-9999 -9999 -9999 -9999 -9999 -9999 -9999 10680 10446.29 10213.35 9981.232 9750 9519.717 9290.452 9062.284 8835.299 8609.588 8385.255 8162.414 7941.19 7721.723 7504.166 7288.69 7075.486 6864.765 6656.764 6451.744 6250 6051.859 5857.688 5667.892 5482.928 5303.301 5129.571 4962.358 4802.343 4650.269 4506.939 4373.214 4250 4138.236 4038.874 3952.847 3881.044 3824.265 3783.187 3758.324 3750 3758.324 3783.187 3824.265 3881.044 3952.847 4038.874 4138.236 4250 4373.214 4506.939 4650.269 4802.343 4962.358 5129.571 5303.301 5482.928 5667.892 5857.688 6051.859 6250 6451.744
-9999 -9999 -9999 -9999 -9999 -9999 -9999 10770.33 10538.62 10307.76 10077.82 9848.857 9620.94 9394.147 9168.561 8944.271 8721.382 8500 8280.248 8062.258 7846.177 7632.169 7420.411 7211.103 7004.463 6800.735 6600.189 6403.124 6209.871 6020.797 5836.309 5656.854 5482.928 5315.073 5153.882 5000 4854.122 4716.991 4589.39 4472.136 4366.063 4272.002 4190.764 4123.105 4069.705 4031.129 4007.805 4000 4007.805 4031.129 4069.705 4123.105 4190.764 4272.002 4366.063 4472.136 4589.39 4716.991 4854.122 5000 5153.882 5315.073 5482.928 5656.854 5836.309 6020.797 6209.871 6403.124 6600.189
-9999 -9999 -9999 -9999 -9999 -9999 -9999 10865.66 10636.02 10407.33 10179.64 9953.015 9727.538 9503.289 9280.355 9058.836 8838.835 8620.47 8403.868 8189.169 7976.528 7766.112 7558.108 7352.721 7150.175 6950.719 6754.628 6562.202 6373.774 6189.709 6010.408 5836.309 5667.892 5505.679 5350.233 5202.163 5062.114 4930.771 4808.846 4697.074 4596.194 4506.939 4430.011 4366.063 4315.669 4279.311 4257.347 4250 4257.347 4279.311 4315.669 4366.063 4430.011 4506.939 4596.194 4697.074 4808.846 4930.771 5062.114 5202.163 5350.233 5505.679 5667.892 5836.309 6010.408 6189.709 6373.774 6562.202 6754.628
-9999 -9999 -9999 -9999 -9999 -9999 11194.31 10965.86 10738.37 10511.9 10286.52 10062.31 9839.334 9617.692 9397.473 9178.78 8961.725 8746.428 8533.024 8321.658 8112.49 7905.694 7701.461 7500 7301.541 7106.335 6914.658 6726.812 6543.126 6363.961 6189.709 6020.797 5857.688 5700.877 5550.901 5408.327 5273.756 5147.815 5031.153 4924.429 4828.302 4743.417 4670.385 4609.772 4562.072 4527.692 4506.939 4500 4506.939 4527.692 4562.072 4609.772 4670.385 4743.417 4828.302 4924.429 5031.153 5147.815 5273.756 5408.327 5550.901 5700.877 5857.688 6020.797 6189.709 6363.961 6543.126 6726.812 6914.658
-9999 -9999 -9999 -9999 -9999 11524.43 11297.12 11070.79 10845.51 10621.32 10398.32 10176.57 9956.154 9737.171 9519.717 9303.897 9089.829 8877.641 8667.468 8459.462 8253.787 8050.621 7850.159 7652.614 7458.217 7267.221 7079.901 6896.557 6717.515 6543.126 6373.774 6209.871 6051.859 5900.212 5755.432 5618.051 5488.625 5367.728 5255.949 5153.882 5062.114 4981.215 4911.721 4854.122 4808.846 4776.243 4756.574 4750 4756.574 4776.243 4808.846 4854.122 4911.721 4981.215 5062.114 5153.882 5255.949 5367.728 5488.625 5618.051 5755.432 5900.212 6051.859 6209.871 6373.774 6543.126 6717.515 6896.557 7079.901
-9999 -9999 -9999 -9999 -9999 11629.7 11404.5 11180.34 10957.3 10735.46 10514.87 10295.63 10077.82 9861.541 9646.891 9433.981 9222.934 9013.878 8806.957 8602.325 8400.148 8200.609 8003.905 7810.25 7619.875 7433.034 7250 7071.068 6896.557 6726.812 6562.202 6403.124 6250 6103.278 5963.43 5830.952 5706.356 5590.17 5482.928 5385.165 5297.405 5220.153 5153.882 5099.02 5055.937 5024.938 5006.246 5000 5006.246 5024.938 5055.937 5099.02 5153.882 5220.153 5297.405 5385.165 5482.928 5590.17 5706.356 5830.952 5963.43 6103.278 6250 6403.124 6562.202 6726.812 6896.557 7071.068 7250
-9999 -9999 -9999 -9999 -9999 11739.36 11516.29 11294.36 11073.62 10854.15 10636.02 10419.33 10204.17 9990.62 9778.804 9568.83 9360.822 9154.917 8951.257 8750 8551.315 8355.388 8162.414 7972.609 7786.206 7603.453 7424.621 7250 7079.901 6914.658 6754.628 6600.189 6451.744 6309.715 6174.544 6046.693 5926.635 5814.852 5711.83 5618.051 5533.986 5460.083 5396.758 5344.39 5303.301 5273.756 5255.949 5250 5255.949 5273.756 5303.301 5344.39 5396.758 5460.083 5533.986 5618.051 5711.83 5814.852 5926.635 6046.693 6174.544 6309.715 6451.744 6600.189 6754.628 6914.658 7079.901 7250 7424.621
