components/klab.component.landcover/etc/demofiles/sc1gr9.fil
ncols         128
nrows         108
xllcorner     436000
yllcorner     1356000
cellsize      250
NODATA_value  -9999
[rows 30 to 59 of 108, columns 0 to 67 of 128]
-9999 -9999 -9999 -9999 -9999 277.3338 282.2148 280.0158 278.0044 302.9638 308.5713 308.6949 288.2025 267.3964 275.9998 318.2698 331.6484 332.5409 333.2698 331.8228 12.55828 50.67681 9.715907 340.1064 349.4232 37.52171 66.86096 68.32845 49.10009 5.281631 329.9229 305.6556 324.2027 25.38115 34.63324 344.4629 278.3192 263.8642 272.3318 296.9234 289.8808 278.5391 76.99272 69.7545 65.32413 69.08527 65.49784 52.7893 36.85036 326.1777 311.5362 310.7048 313.3445 323.7725 343.3327 4.078463 346.573 313.2117 299.8793 337.7026 20.9853 38.15979 67.47871 72.52856 32.44199 310.1978 319.7389 346.9474
-9999 -9999 -9999 -9999 -9999 267.1355 261.2337 235.0929 230.5796 241.0119 258.806 251.675 231.6939 246.8301 262.3081 281.8047 302.6998 327.6195 342.0372 351.9878 39.11736 13.71476 346.7251 342.571 5.435699 55.25764 63.59829 49.9866 26.93509 1.798482 344.3712 312.3406 312.9163 15.67005 27.29727 11.64161 318.444 279.2994 274.7944 280.9262 262.9828 199.4874 157.6263 96.53876 73.36411 71.42356 65.9579 55.20317 31.75281 318.2595 300.2891 286.5833 268.7094 260.5166 268.8781 337.7296 332.2633 301.6074 294.1642 310.9471 359.278 51.41499 64.29819 57.90671 29.18734 302.7127 300.5996 331.0433
-9999 -9999 -9999 -9999 -9999 248.4964 243.7 239.365 263.0774 265.9148 237.5552 208.8398 210.1393 250.6972 259.3016 259.6793 262.9751 267.1613 306.3664 6.318366 356.0751 333.3703 326.8114 346.3251 50.8456 69.88084 57.78885 40.26798 21.81714 2.155905 355.4172 317.5497 286.624 325.9076 23.66667 24.68681 346.2684 300.6487 287.1872 263.5879 216.7927 170.2578 168.5292 140.9896 105.8115 93.68362 85.85704 79.29137 61.68454 267.3709 233.3277 214.844 209.7839 210.2575 207.8063 196.6479 203.6269 231.583 255.1931 274.2898 318.8061 39.69108 36.93176 36.77711 34.5686 310.9292 287.8748 296.9076
-9999 -9999 -9999 -9999 -9999 251.6068 261.1063 267.3669 271.2456 240.5416 186.1896 192.2572 226.0952 256.4386 256.7211 256.2296 258.5504 252.8975 232.6863 299.9795 323.627 326.4977 306.0909 151.3748 116.163 91.92912 78.51112 64.9267 36.73346 21.86937 50.99204 235.4065 234.0029 240.1596 273.8705 55.10298 331.2352 284.5116 263.7241 191.2389 189.1241 176.674 182.0702 144.8037 120.687 113.3375 108.3162 104.2068 116.2693 196.9152 220.1326 244.9555 250.0678 231.5845 218.6346 205.7139 214.4572 233.6444 241.8311 257.0736 281.3174 12.03348 27.20197 45.10862 46.79964 328.8238 303.4771 297.0149
-9999 -9999 -9999 -9999 -9999 -9999 260.3994 246.2303 219.7051 190.8587 188.2528 236.6834 272.9265 268.7292 261.1731 262.1308 261.158 243.6043 222.7544 253.823 256.5022 186.0181 156.4917 165.8269 163.5361 150.7899 145.8574 150.2867 161.8129 156.0423 162.9181 186.3818 197.953 212.4243 213.7733 178.384 281.0408 279.651 239.9944 143.086 172.0819 190.116 199.285 151.4834 127.1098 123.4962 123.3982 126.6534 142.0553 210.3677 285.1257 303.6479 327.9229 341.4197 335.3622 336.8684 319.7138 287.4749 277.435 275.3974 276.5997 313.2199 23.15735 52.9224 44.46887 342.1009 321.0207 313.6749
-9999 -9999 -9999 -9999 -9999 -9999 231.952 221.7681 211.28 219.3621 281.037 300.4784 306.8707 288.8098 268.0797 262.0727 252.6757 219.3744 216.7601 223.94 212.9107 166.7641 143.5177 157.9056 163.648 156.0121 155.3234 160.1664 165.0481 161.1538 171.6519 196.4078 194.8123 212.3144 219.272 222.4789 267.0427 270.614 143.039 126.7407 155.3754 199.9671 213.1494 156.581 129.412 126.0239 128.0186 133.9353 152.559 256.3326 281.4352 288.2749 304.8957 332.0797 335.7455 345.1859 345.7367 324.8052 306.7421 293.8429 286.5866 294.0764 6.627671 52.1175 37.47768 349.1226 321.6942 320.0096
-9999 -9999 -9999 -9999 -9999 -9999 -9999 241.7106 271.4445 302.6226 309.5424 308.7978 312.2828 297.3279 271.7555 257.7083 231.5476 207.1362 218.3168 212.7473 212.827 165.9108 119.3608 128.8168 135.8942 107.7511 96.67532 113.3508 135.072 152.0423 170.485 200.7119 205.8095 226.2056 245.3539 252.7078 251.4512 195.1539 146.8972 128.0079 144.6969 207.4552 225.2479 165.0515 124.4716 118.8635 119.4027 130.0309 190.8648 273.3955 276.1585 274.877 273.1193 273.2874 278.8949 301.0899 326.9442 316.3027 281.7047 263.2959 256.905 232.8482 181.3573 120.0279 35.8207 349.7996 319.0126 332.7072
-9999 -9999 -9999 -9999 -9999 -9999 -9999 270.0578 289.3389 284.4164 285.3359 284.1976 291.4703 279.781 256.1913 245.6029 213.911 214.9731 226.2646 219.7709 236.1854 203.9704 82.03621 52.87444 20.36418 24.43419 39.92464 52.38988 44.43415 53.33812 101.3697 197.8097 220.7318 251.7407 281.8305 292.6709 245.4534 150.0926 133.979 118.6617 125.9643 223.4242 239.0415 180.2003 129.0347 122.6341 119.448 135.0748 249.2574 268.1088 266.2443 266.0666 267.4073 268.8833 271.3062 266.5792 241.394 207.3984 206.0619 223.6639 221.2011 194.1195 184.5866 210.5042 268.9355 326.8781 321.0941 353.763
-9999 -9999 -9999 -9999 -9999 -9999 -9999 -9999 255.7883 242.278 236.0694 236.5396 213.163 190.2163 220.5082 232.103 231.7381 257.4629 267.1108 279.7398 286.3508 320.5295 28.16177 18.04071 11.99027 23.66431 42.63012 33.31001 21.82367 47.70028 74.18082 131.9244 256.2642 278.1763 292.1006 317.1598 146.0074 126.545 112.9487 96.22266 89.39633 251.0861 246.5153 192.9554 133.0664 118.9402 118.0332 157.1606 249.3516 258.3155 263.596 269.1003 271.2991 274.186 275.8881 262.5094 180.5946 171.5092 182.8513 206.5089 204.0691 191.3589 197.6465 228.7078 247.7954 282.5439 310.0133 352.2021
-9999 -9999 -9999 -9999 -9999 -9999 -9999 -9999 220.8754 236.809 247.4363 242.0715 191.1728 187.1488 215.3991 235.3632 255.4246 282.6699 297.2107 307.3169 308.8199 329.7882 11.1139 25.06683 27.83471 41.84642 51.96896 35.08655 44.8247 81.07379 91.49097 115.2103 268.4039 275.9253 279.412 114.2734 130.5842 121.9874 104.5355 86.67001 76.63042 293.945 249.6278 207.0383 136.067 107.126 105.546 206.9421 264.5244 266.9514 267.5501 266.9497 262.5445 258.4769 259.636 225.3162 135.4164 145.0155 170.4911 198.1386 203.816 215.5583 240.563 260.136 265.4401 275.0523 290.5468 332.4736
-9999 -9999 -9999 -9999 -9999 -9999 -9999 -9999 231.6947 256.2656 258.3594 229.3587 177.8247 208.9711 254.8697 268.0492 273.9467 280.6933 284.9213 282.1537 267.2328 227.7369 169.0437 123.983 89.32654 68.45919 74.62344 87.54089 102.9287 94.99393 95.39963 127.1758 243.7127 251.9929 240.824 143.3055 139.9827 130.4892 100.1356 80.47198 74.07139 52.13857 263.6452 226.0154 139.8737 111.9469 108.2542 246.8628 277.0655 276.8865 262.3593 246.7828 236.3541 228.7212 222.5277 183.8334 148.7407 141.1152 167.3823 262.373 293.5045 297.2576 302.2542 301.8611 294.7823 283.7483 276.9664 283.8318
-9999 -9999 -9999 -9999 -9999 -9999 -9999 -9999 -9999 246.2257 235.8495 201.0161 203.7607 264.8373 285.3266 279.5044 274.2632 268.5991 253.4178 231.7758 230.889 216.349 178.7543 147.3426 128.5029 84.25676 88.04617 95.29202 99.31725 93.87646 97.38641 126.3151 234.7158 250.7872 240.3974 141.7846 150.8363 163.0208 105.0322 80.6521 87.71789 96.80049 251.2869 218.813 141.6009 121.8471 113.699 272.7589 271.7892 264.2665 249.6528 236.9891 234.9158 219.6941 195.5453 176.0478 164.0381 163.3912 248.7747 291.028 306.566 303.9934 300.3396 304.1702 301.6236 290.1522 283.026 276.6461
-9999 -9999 -9999 -9999 -9999 -9999 -9999 -9999 -9999 249.0304 244.1632 243.4189 284.9245 290.2937 262.102 252.1557 254.6842 240.1192 214.2958 223.6474 247.4115 254.3621 164.8009 166.3237 193.2155 113.6826 107.9625 114.2117 117.3456 100.1158 100.7112 122.4946 247.3194 259.532 238.51 140.2163 158.0686 197.3842 184.6757 96.51485 99.03073 118.0429 242.889 183.5978 145.3069 138.1724 356.3236 305.8163 269.3894 246.8979 237.0923 242.9247 242.5367 198.0408 174.9612 181.2112 188.5418 239.3568 284.9499 288.6764 295.7097 295.864 283.7808 278.247 276.1442 278.2371 280.6069 257.1554
-9999 -9999 -9999 -9999 -9999 -9999 -9999 -9999 -9999 -9999 260.3788 270.6328 278.0467 272.9321 213.3187 246.458 249.5282 208.541 199.4841 233.657 247.7481 231.1289 160.9973 169.9637 190.6837 140.139 122.2792 129.3356 131.898 104.2993 100.1305 115.0746 262.7223 263.02 221.4004 136.0541 160.4633 212.7344 213.7318 112.3976 96.5266 104.0512 252.653 137.7245 136.2927 190.3049 287.6766 316.1779 222.6968 236.6269 232.9606 246.1127 236.5131 167.6852 170.6302 248.3661 300.8649 313.1415 305.9078 298.7314 298.9577 295.0862 263.2891 236.7859 236.0672 252.1546 257.7328 169.8018
-9999 -9999 -9999 -9999 -9999 -9999 -9999 -9999 -9999 -9999 -9999 247.3209 235.8132 209.967 215.8379 256.0274 229.6435 177.2781 200.0667 238.8834 239.7937 209.9256 167.344 168.0441 187.7668 161.8488 143.4457 145.9898 138.535 109.026 102.0524 100.6892 283.7513 270.3665 199.7568 122.4683 146.5454 216.1126 208.9772 139.7209 106.8962 115.0508 232.4093 120.7618 120.5277 249.0926 249.1844 182.3813 174.2467 228.946 236.1333 241.7709 218.1387 170.6339 295.339 305.9858 325.2466 339.1324 319.9676 290.8491 243.7093 203.8219 198.6781 208.0078 221.7331 237.7771 247.5535 265.696
-9999 -9999 -9999 -9999 -9999 -9999 -9999 -9999 -9999 -9999 -9999 -9999 208.0464 219.7836 241.9261 246.646 181.319 168.5439 213.4773 244.1904 240.435 203.0423 165.1297 164.5247 188.0812 170.8039 160.4102 164.1208 148.4147 114.1597 101.4726 281.639 279.1523 249.7501 180.4181 125.9363 129.1702 210.0887 201.8983 145.4127 110.9884 112.8967 206.7096 120.5212 104.9816 234.0022 223.0801 184.3907 187.7629 230.6458 237.0929 231.134 222.74 271.6351 301.2039 297.6263 299.6093 323.9471 274.5911 208.0316 180.24 189.5815 202.8128 232.0339 249.5497 257.1374 260.822 272.7592
-9999 -9999 -9999 -9999 -9999 -9999 -9999 -9999 -9999 -9999 -9999 -9999 222.7269 241.1375 237.7366 202.3788 152.7504 170.5935 229.3413 240.7235 229.7843 192.9481 162.8148 163.1512 189.8281 181.3132 164.4916 165.0639 163.4443 138.0615 115.5159 215.6413 239.3765 194.0098 184.7289 140.9704 119.1648 201.4584 197.3683 145.0215 93.7018 80.03842 142.8387 137.3142 103.9823 226.9419 240.7859 203.6775 218.8018 232.8516 229.0248 230.2665 261.0342 283.9612 285.8165 250.5427 204.8125 185.7467 192.39 179.2489 173.9508 253.6351 295.5855 303.3633 301.5431 289.0785 270.5195 247.3326
-9999 -9999 -9999 -9999 -9999 -9999 -9999 -9999 -9999 -9999 -9999 -9999 -9999 -9999 218.8625 179.917 159.2613 198.0005 231.4717 231.256 222.5656 194.3203 160.7697 160.265 193.5094 195.2982 162.4638 151.1702 165.2588 154.4723 126.0643 203.5266 236.1749 186.7393 187.8761 167.2159 131.215 187.2928 190.2653 163.8721 130.6433 111.5058 133.9044 161.7919 127.2686 240.8294 252.435 225.1464 242.7322 226.1638 214.624 236.7043 256.9989 257.0948 227.4511 186.7247 184.534 194.4846 206.5656 201.6573 258.4894 290.2675 299.8059 301.3408 297.9176 283.8692 253.4697 215.8203
-9999 -9999 -9999 -9999 -9999 -9999 -9999 -9999 -9999 -9999 -9999 -9999 -9999 -9999 -9999 179.4151 189.5896 240.5896 234.6808 228.9904 221.9823 195.7296 160.9344 160.3859 196.5195 200.7036 169.352 144.4296 164.0315 162.0191 122.8439 224.2015 247.8994 174.3885 174.7423 179.3001 161.1431 178.8536 179.1744 169.7707 155.0995 136.6495 145.4176 161.6035 154.5686 253.9169 250.2809 250.5317 257.4599 212.5642 198.1714 236.0489 235.8053 221.0289 196.3323 190.9224 235.1092 287.3973 296.8933 305.4242 302.212 286.8672 263.378 250.102 245.6665 230.2685 215.4849 192.6759
-9999 -9999 -9999 -9999 -9999 -9999 -9999 -9999 -9999 -9999 -9999 -9999 -9999 -9999 -9999 -9999 220.7756 244.3295 200.9633 206.9407 215.005 194.0274 156.691 162.632 205.4938 200.2603 176.1508 154.0847 169.3098 174.1326 132.9307 220.5315 234.4763 162.1133 162.3734 185.7752 173.5508 172.4674 170.734 163.7924 150.8268 139.6697 147.1469 162.4317 206.4711 246.1183 251.0331 262.0665 265.4284 153.0269 161.8649 223.4893 228.1653 223.4272 225.2043 271.2526 297.8889 312.3375 311.8639 293.8065 277.4392 238.8093 218.7327 228.4333 227.5247 207.3262 195.1918 183.0284
-9999 -9999 -9999 -9999 -9999 -9999 -9999 -9999 -9999 -9999 -9999 -9999 -9999 -9999 -9999 -9999 -9999 -9999 197.0651 194.9125 202.2017 180.4466 157.1343 171.2525 220.6165 192.5725 172.1508 159.6787 174.4617 182.5747 150.5417 207.4274 218.5704 161.4924 165.0027 196.2199 181.8509 166.0467 157.0049 150.1572 142.9006 140.4872 144.1207 174.7019 238.281 249.9702 253.0613 257.4417 229.7698 153.6286 185.1591 272.6904 277.1037 285.7199 298.1273 289.4337 262.6534 215.0197 202.804 211.0211 201.8524 189.6276 204.078 225.1967 217.1164 191.1267 186.9296 184.8001
-9999 -9999 -9999 -9999 -9999 -9999 -9999 -9999 -9999 -9999 -9999 -9999 -9999 -9999 -9999 -9999 -9999 -9999 -9999 -9999 -9999 188.3772 168.0913 183.7749 214.1054 174.9391 165.3846 160.7695 178.8787 181.881 158.4096 204.3648 207.1441 169.1517 174.981 196.1268 186.7039 174.0684 158.9146 142.1969 137.6905 148.8747 148.2 256.3594 273.3312 255.5732 242.7169 231.3723 189.1857 179.8167 263.1334 294.4447 280.7396 270.0362 263.2202 239.197 199.6949 187.4622 193.4847 195.4007 187.5213 190.4034 210.1745 222.5868 206.4443 183.102 187.0449 194.7798
-9999 -9999 -9999 -9999 -9999 -9999 -9999 -9999 -9999 -9999 -9999 -9999 -9999 -9999 -9999 -9999 -9999 -9999 -9999 -9999 -9999 -9999 -9999 -9999 -9999 185.1755 158.831 148.9081 173.5264 176.4241 155.5457 207.8693 205.8494 178.3929 179.9184 197.467 196.5644 183.2296 160.6255 125.1007 111.9031 179.8649 303.0355 318.7288 320.0741 264.0079 228.2339 215.3717 198.917 243.0033 264.6394 255.1824 241.8971 232.6181 219.5951 198.421 182.5554 184.7177 198.6318 202.0256 195.0083 206.3661 218.603 217.4645 201.2139 187.0078 196.4904 212.8444
-9999 -9999 -9999 -9999 -9999 -9999 -9999 -9999 -9999 -9999 -9999 -9999 -9999 -9999 -9999 -9999 -9999 -9999 -9999 -9999 -9999 -9999 -9999 -9999 -9999 -9999 -9999 -9999 -9999 187.1909 167.4501 192.9949 207.6517 186.338 180.905 197.0512 210.6087 198.8168 174.9263 121.4252 104.9336 242.4416 274.7813 281.4134 262.5111 201.5148 245.6483 254.604 263.2785 263.963 253.2267 233.4694 217.6947 212.5859 206.9265 202.6524 203.1428 221.2239 260.5857 281.2394 310.9621 325.0703 266.8151 243.508 236.6295 241.7961 263.6015 272.0556
-9999 -9999 -9999 -9999 -9999 -9999 -9999 -9999 -9999 -9999 -9999 -9999 -9999 -9999 -9999 -9999 -9999 -9999 -9999 -9999 -9999 -9999 -9999 -9999 -9999 -9999 -9999 -9999 -9999 -9999 -9999 -9999 212.7702 156.4653 165.5997 217.6613 225.4558 206.245 191.452 141.5896 114.4382 278.8895 258.069 223.1502 191.0677 260.1539 300.3038 293.9236 277.4722 262.3203 244.3925 217.1597 203.8635 210.6697 249.9033 282.2863 302.8165 321.8004 312.808 299.6228 310.7483 341.1914 348.4312 329.8936 332.0961 339.6114 338.4772 334.2238
-9999 -9999 -9999 -9999 -9999 -9999 -9999 -9999 -9999 -9999 -9999 -9999 -9999 -9999 -9999 -9999 -9999 -9999 -9999 -9999 -9999 -9999 -9999 -9999 -9999 -9999 -9999 -9999 -9999 -9999 -9999 -9999 -9999 -9999 -9999 -9999 -9999 208.8546 191.0137 166.753 159.2825 274.6685 260.7374 207.3381 231.5208 260.6249 262.4709 263.2173 261.7271 252.9952 233.2403 202.9901 201.0759 252.5459 286.1373 289.7547 265.6665 250.107 262.0155 266.1921 263.4503 281.7224 316.7142 317.9933 323.2445 335.966 334.334 326.948
-9999 -9999 -9999 -9999 -9999 -9999 -9999 -9999 -9999 -9999 -9999 -9999 -9999 -9999 -9999 -9999 -9999 -9999 -9999 -9999 -9999 -9999 -9999 -9999 -9999 -9999 -9999 -9999 -9999 -9999 -9999 -9999 -9999 -9999 -9999 -9999 -9999 -9999 197.6063 197.6562 218.1377 219.0557 197.925 188.0695 248.0997 259.8892 250.7168 252.7368 254.116 248.0725 219.8374 186.6443 213.1638 257.8187 251.5778 230.6121 234.0372 262.1954 276.3622 265.2562 236.7308 238.4604 247.2077 257.5259 260.7631 249.4434 232.4001 240.3692
-9999 -9999 -9999 -9999 -9999 -9999 -9999 -9999 -9999 -9999 -9999 -9999 -9999 -9999 -9999 -9999 -9999 -9999 -9999 -9999 -9999 -9999 -9999 -9999 -9999 -9999 -9999 -9999 -9999 -9999 -9999 -9999 -9999 -9999 -9999 -9999 -9999 -9999 -9999 216.199 209.6211 197.7594 186.6757 226.0444 278.9993 294.9558 293.8244 273.3617 265.5171 251.4751 195.1975 164.0561 213.0017 241.8905 220.6122 232.0594 264.9975 282.2921 273.3047 213.9961 206.7591 233.0082 236.7977 234.802 226.5993 202.6075 200.4478 218.3548
-9999 -9999 -9999 -9999 -9999 -9999 -9999 -9999 -9999 -9999 -9999 -9999 -9999 -9999 -9999 -9999 -9999 -9999 -9999 -9999 -9999 -9999 -9999 -9999 -9999 -9999 -9999 -9999 -9999 -9999 -9999 -9999 -9999 -9999 -9999 -9999 -9999 -9999 -9999 -9999 208.3018 194.3459 198.8253 265.1231 260.0832 241.481 239.7604 256.7224 249.765 219.9568 169.1384 146.6752 195.4948 226.5087 215.3261 246.0814 252.8584 243.7536 212.9006 174.9592 201.2879 237.9636 240.8008 234.3942 217.1166 198.5587 204.8909 215.9993
-9999 -9999 -9999 -9999 -9999 -9999 -9999 -9999 -9999 -9999 -9999 -9999 -9999 -9999 -9999 -9999 -9999 -9999 -9999 -9999 -9999 -9999 -9999 -9999 -9999 -9999 -9999 -9999 -9999 -9999 -9999 -9999 -9999 -9999 -9999 -9999 -9999 -9999 -9999 -9999 -9999 -9999 -9999 247.6916 237.1777 211.42 220.4024 227.826 208.4988 187.9085 170.5276 146.6429 174.9159 229.4821 222.8659 233.9845 234.9693 227.0321 194.5921 166.645 190.8623 222.4005 232.3334 223.6176 208.0667 202.6354 207.9591 208.0632
