components/klab.component.landcover/etc/demofiles/sc1gr7.fil
ncols         128
nrows         108
xllcorner     436000
yllcorner     1356000
cellsize      250
NODATA_value  -9999
[rows 31 to 61 of 108, columns 0 to 67 of 128]
-9999 -9999 -9999 -9999 -9999 19.84172 98.4977 121.5989 155.9612 199.1097 218.446 261.1588 289.2621 305.1169 392.6293 495.0803 635.3934 702.9049 712.3618 713.0024 700.1512 681.3204 685.8293 740.8809 760.245 720.1575 591.255 507.7681 449.5314 440.7643 448.7579 480.0418 594.4916 599.8209 562.5332 492.6009 489.383 557.6151 658.6634 718.4586 750.653 760.8535 760.6911 748.3694 702.0403 605.5751 450.2968 353.7249 296.1056 286.7908 419.371 523.094 664.265 720.9164 798.6022 823.6837 808.0076 838.835 890.0961 964.5288 1051.395 983.8052 750.92 651.7437 540.9651 589.1161 786.649 889.8385
-9999 -9999 -9999 -9999 -9999 19.64053 76.4995 98.15694 106.4058 184.7191 216.4647 233.9182 246.4693 264.3117 398.8123 493.3763 649.1255 715.7728 724.3462 715.0305 704.1521 706.6909 785.5885 800.2755 785.9368 740.0469 635.2378 574.191 523.2356 509.971 511.5102 530.7776 591.8608 600.3818 614.798 589.2141 566.698 599.8262 697.5018 727.0161 745.127 743.3872 732.9509 733.6707 713.0475 630.2553 499.5222 398.3911 317.8815 343.8889 441.4139 480.9203 529.6877 598.17 702.7523 743.4661 790.9768 831.0022 920.8706 1014.586 1110.928 1071.237 855.5648 785.6193 629.1571 630.7526 799.5175 955.4235
-9999 -9999 -9999 -9999 -9999 5.669161 42.11653 82.60677 154.3849 196.9419 200.8551 196.6775 199.9251 259.5586 370.4393 430.3191 608.3978 707.1284 714.3794 722.1404 758.2933 786.3101 802.8644 800.0823 793.0084 750.6428 702.8605 656.2969 597.2645 607.3242 597.777 570.9615 588.6127 609.4872 628.3546 620.8861 599.0845 639.6553 699.999 701.2216 720.4504 716.9717 704.9383 709.4624 665.9999 581.2436 479.2783 386.0638 328.7674 319.6864 305.0044 330.6997 408.8578 453.7532 539.9658 594.8 623.5032 718.6838 857.8871 956.0655 1164.112 1220.966 1153.76 1044.866 762.2884 738.4481 859.0375 980.0477
-9999 -9999 -9999 -9999 -9999 -9999 43.92817 96.02263 127.6917 152.3607 138.9053 134.775 184.2143 238.1607 353.5224 430.1408 585.9436 694.6324 704.8576 727.6586 781.7684 800.0742 787.3856 768.7985 758.271 729.2766 670.3335 610.8931 599.2192 579.9974 519.8572 528.1274 535.3521 575.2654 616.3326 614.717 599.9616 638.0947 699.5833 655.1768 656.7531 660.5364 682.2409 693.3887 626.1132 539.5657 429.9637 364.156 301.0903 275.5505 311.3192 433.4651 519.2422 507.7969 535.7007 563.5143 617.6389 687.8213 803.2738 917.4522 1157.34 1261.84 1256.738 1184.364 845.6035 841.7681 973.0623 1106.92
-9999 -9999 -9999 -9999 -9999 -9999 18.03361 59.27961 76.25322 79.18006 88.98207 168.2698 222.1391 262.1209 329.4262 401.9298 575.0981 639.7711 666.429 715.6472 740.4081 766.2571 701.412 654.9017 629.1744 598.7584 546.1187 525.7789 500.0225 491.8223 444.0885 471.3735 474.4936 485.0963 551.8847 596.5434 610.6934 667.3884 698.98 637.5026 508.3942 515.1077 601.2889 628.4319 539.2438 454.2392 354.7702 301.1555 216.1641 243.6465 348.8605 468.0226 610.2584 670.953 720.7228 759.3635 741.5562 769.935 867.7219 1006.991 1177.537 1285.786 1347.404 1310.042 1124.178 1037.402 1189.104 1302.516
-9999 -9999 -9999 -9999 -9999 -9999 -9999 20.37832 49.93082 97.81685 154.0823 212.6959 257.4081 290.6159 331.3679 402.4337 534.4507 548.7897 600.3076 671.2754 681.4924 717.4202 661.8798 599.3971 570.9406 534.3956 486.3122 479.9286 426.4604 404.6728 397.1558 419.8074 446.8386 453.0102 497.1244 543.6699 618.3254 657.9814 644.6885 565.6592 366.542 360.4913 532.964 571.5339 479.4359 406.2838 306.5801 229.4706 196.8909 232.6871 387.7992 500.1923 630.8932 673.7736 733.2944 801.1379 848.765 883.3012 960.2869 1080.569 1218.559 1314.678 1340.581 1304.106 1255.59 1198.209 1271.375 1338.984
-9999 -9999 -9999 -9999 -9999 -9999 -9999 9.966273 78.24583 131.9924 202.1553 248.68 300.0014 296.9082 328.6967 382.3597 447.1368 444.5656 549.6312 574.2811 636.8475 699.3575 640.1099 584.1628 575.6932 576.3609 557.9401 493.5512 422.6855 398.0765 343.0286 311.9437 400.1438 414.8208 500.2139 566.3251 598.4475 607.7235 536.9514 449.5338 196.9762 148.5467 412.1992 496.9619 431.9752 359.0974 271.7928 170.326 198.6219 251.7007 392.3133 479.5918 627.5247 664.9292 740.0778 801.8009 863.6749 894.5988 905.3258 949.3046 1131.577 1202.688 1196.638 1211.035 1312.863 1302.915 1380.265 1429.432
-9999 -9999 -9999 -9999 -9999 -9999 -9999 -9999 70.99442 128.1749 194.5386 222.9126 298.4601 295.3832 304.4587 364.9079 395.5477 403.6756 497.087 533.3439 613.5405 688.7201 676.0576 653.4213 641.3527 627.2396 595.5155 538.1388 516.3386 488.6738 380.662 299.0708 335.416 400.8702 557.0726 600.1077 593.3486 573.5881 488.9386 390.1036 181.81 134.1045 355.8965 429.9649 371.8577 300.5054 199.5059 153.3308 184.5421 238.4383 363.6364 479.4657 629.1891 664.8687 744.183 800.5048 813.3306 805.8593 800.1519 820.7555 972.7535 1007.049 1018.278 1094.161 1288.618 1336.153 1467.608 1501.935
-9999 -9999 -9999 -9999 -9999 -9999 -9999 -9999 44.03588 77.79512 113.3667 195.3796 221.7404 201.6006 244.6521 285.1642 383.4971 438.1638 526.3553 599.4598 693.3846 726.1337 728.673 726.5464 700.3142 681.2604 631.1204 606.766 606.8364 548.2213 382.2948 288.6559 335.0845 453.1138 605.6324 600.2881 559.1581 528.2582 465.1205 393.0484 254.8011 101.0252 255.9706 343.2224 333.5824 274.8321 167.9627 125.5014 182.9891 203.5648 354.5949 491.1978 625.7391 673.644 759.2778 810.9368 787.9926 710.8131 671.6409 672.5309 705.4037 752.1512 879.611 986.1431 1211.359 1348.035 1564.82 1670.291
-9999 -9999 -9999 -9999 -9999 -9999 -9999 -9999 17.2455 51.64761 145.7534 198.7888 197.8739 180.9724 200.416 253.0144 359.0433 448.183 581.6862 662.2306 720.0303 731.2099 729.6097 722.6892 702.5592 699.8783 651.6198 609.8958 588.4707 525.322 362.5609 273.6266 317.3848 445.5838 593.496 587.9686 524.5583 512.7594 450.3832 374.5101 302.5017 159.1546 232.2574 307.3997 290.7009 264.2264 156.7789 107.4132 201.4752 216.8722 353.8998 474.5544 592.9605 647.5817 712.6836 781.3099 735.4829 665.6719 568.7296 587.2113 659.9164 739.1651 933.3176 1045.718 1252.578 1354.988 1572.594 1709.843
-9999 -9999 -9999 -9999 -9999 -9999 -9999 -9999 -9999 23.92367 117.6131 133.3645 139.8975 152.3316 223.4875 280.5427 392.6095 475.4975 591.1204 631.1277 679.9811 704.9155 708.8234 705.7195 700.8768 702.0736 669.0303 606.4169 579.9185 533.3693 360.6555 247.666 251.9078 355.8872 526.5437 521.8578 464.5627 474.3238 437.7731 418.0105 334.5016 188.4459 208.0434 281.3193 263.7882 220.0695 111.0889 102.5527 202.2064 242.196 331.2427 373.8811 492.9556 572.5541 638.7887 639.136 607.655 549.1965 567.0789 658.2014 781.0322 877.3183 1078.23 1205.236 1340.706 1423.823 1587.306 1710.676
-9999 -9999 -9999 -9999 -9999 -9999 -9999 -9999 -9999 9.121216 66.30501 94.20766 113.0747 190.5684 239.2858 280.2907 370.8319 453.8848 539.2214 554.9428 644.9013 697.1131 702.8208 701.6621 700 703.6891 661.9169 598.6696 569.7293 523.9227 322.3134 207.8415 223.5709 334.5162 518.8928 490.2695 405.3255 422.6819 437.8354 422.174 300.6484 152.8111 195.7513 243.0525 217.5482 155.9695 101.4192 153.1518 180.0839 228.4111 299.0531 338.6109 453.7537 528.1657 517.8623 485.2414 485.7036 508.126 563.5853 646.9362 858.5594 929.5511 1105.861 1276.678 1371.571 1456.264 1652.625 1725.643
-9999 -9999 -9999 -9999 -9999 -9999 -9999 -9999 -9999 -9999 47.20859 86.58176 179.6488 208.5417 204.9098 217.5574 350.9928 418.2723 407.2799 464.1906 639.5016 704.0385 695.0179 679.1894 689.5885 692.5497 622.6174 569.8984 538.6216 502.5837 292.1467 181.0256 199.8737 318.1749 448.2441 383.6054 329.2255 352.6938 416.2609 423.0754 288.1246 103.1859 197.6191 198.6196 118.4725 75.5517 145.4552 200.1023 169.092 207.7018 244.594 296.4203 409.4364 441.3967 344.0314 373.7198 460.0585 508.2426 628.5358 741.8521 923.8236 1019.327 1140.169 1245.542 1342.559 1465.708 1665.503 1713.393
-9999 -9999 -9999 -9999 -9999 -9999 -9999 -9999 -9999 -9999 -9999 63.73846 157.9669 198.3962 189.3999 202.3291 330.5428 344.6302 313.2417 403.7793 567.0311 649.1771 663.0107 623.4709 629.4888 646.8104 575.4932 539.024 501.9438 463.7993 259.9616 168.5241 207.4283 333.8038 414.1754 353.2566 277.9115 300.1455 360.4959 375.894 271.8704 123.7939 190.6894 177.583 63.36268 99.11973 163.031 196.2068 149.7592 173.0564 217.5803 268.1163 386.7659 356.7673 321.042 433.2274 597.5892 626.1343 706.6338 827.3367 1002.182 1046.812 1084.66 1101.324 1217.507 1353.2 1593.387 1704.513
-9999 -9999 -9999 -9999 -9999 -9999 -9999 -9999 -9999 -9999 -9999 -9999 71.4756 116.1374 171.5258 215.6165 259.726 201.9542 203.443 318.7892 505.3387 554.938 575.5236 504.9197 511.0932 538.3694 479.5375 493.3787 453.1413 415.5822 219.014 166.3259 275.893 337.0836 339.0453 325.3291 247.7446 245.3605 297.9258 288.509 201.8307 103.9681 131.1055 143.8635 43.92345 71.79663 114.2086 124.9655 126.4377 140.7566 185.6628 232.5116 277.0002 288.4675 412.9229 555.8411 777.7184 816.5897 820.5346 869.013 811.7207 797.6786 817.9122 879.1191 1060.854 1211.432 1500.978 1701.621
-9999 -9999 -9999 -9999 -9999 -9999 -9999 -9999 -9999 -9999 -9999 -9999 18.52333 63.70557 155.5765 215.4933 187.2507 112.1646 163.5157 263.7289 445.659 494.1386 473.4524 425.4778 414.0849 452.1584 405.8243 416.1649 379.0424 350.8857 217.743 167.5667 276.2174 300.2011 286.0834 306.7116 220.2357 208.2499 244.4421 233.6273 198.3425 138.2032 99.716 118.5994 86.86964 27.01213 99.8095 99.59927 111.2684 121.8168 163.2038 198.3315 237.3694 347.2002 503.0405 605.4262 701.804 712.1462 712.4487 757.9493 677.9465 685.6638 806.671 927.254 1117.932 1260.423 1503.618 1691.944
-9999 -9999 -9999 -9999 -9999 -9999 -9999 -9999 -9999 -9999 -9999 -9999 -9999 -9999 72.87804 133.1745 96.88348 81.0087 119.7153 170.0314 299.9332 362.4764 359.5436 290.3382 276.1879 354.0236 341.2711 285.4078 208.0017 231.4581 165.9046 99.8958 188.2572 238.5824 208.8721 271.4572 201.5829 193.552 200.2546 203.5304 200.0752 165.7248 77.87667 91.35251 55.1364 20.74573 86.20706 85.11149 106.8709 111.7336 125.5549 142.461 230.6445 378.2289 516.7779 520.8026 485.6304 485.8205 545.2029 595.5083 609.5904 732.7036 967.4797 1083.057 1277.27 1353.96 1493.196 1589.059
-9999 -9999 -9999 -9999 -9999 -9999 -9999 -9999 -9999 -9999 -9999 -9999 -9999 -9999 -9999 55.39566 52.79832 93.58279 105.4879 117.151 202.9909 279.4263 277.5529 203.287 195.5343 254.9992 276.6138 223.3299 173.2564 196.9883 133.0179 82.17123 182.0693 212.0961 175.9372 197.5938 170.587 168.2246 174.5765 167.4335 147.991 102.7851 45.26664 52.1806 19.98694 43.27241 66.36961 76.1006 102.8719 107.1893 109.1143 112.9605 209.5131 301.5063 389.1344 342.5212 367.5111 404.0623 530.3069 569.3685 663.7589 812.0425 1006.517 1113.869 1275.582 1344.139 1414.75 1478.474
-9999 -9999 -9999 -9999 -9999 -9999 -9999 -9999 -9999 -9999 -9999 -9999 -9999 -9999 -9999 -9999 34.1784 65.90875 102.0734 99.87447 117.867 157.8263 138.0659 88.75624 100.1146 147.2104 163.0869 147.3176 103.1462 123.5493 100.3792 73.16084 141.3071 161.5088 102.7733 116.7857 114.6257 114.0542 101.0681 100.1639 77.00484 52.44209 19.16565 19.30829 10.00708 39.44862 47.43545 82.07114 100.0225 103.8703 99.75093 96.27911 125.5191 168.9016 206.189 263.1601 447.3439 555.0453 619.7394 647.3268 783.6633 857.1575 894.4473 979.6887 1155.603 1248.381 1297.38 1303
-9999 -9999 -9999 -9999 -9999 -9999 -9999 -9999 -9999 -9999 -9999 -9999 -9999 -9999 -9999 -9999 -9999 -9999 59.98368 62.95338 74.44055 116.7302 113.8031 56.61129 98.36694 116.5958 96.03955 106.5845 65.93382 99.50116 74.64214 47.1767 112.7558 116.981 81.81538 99.83772 99.90295 99.91875 83.58556 72.10373 47.10625 20.26955 8.767381 8.522112 10.00139 20.28214 50.65591 72.12228 99.93179 108.192 77.84055 89.88898 101.6571 169.8773 246.7497 351.0922 508.5518 571.6483 598.7844 636.147 717.7163 737.0013 744.6773 867.7495 1053.766 1109.626 1133.394 1167.086
-9999 -9999 -9999 -9999 -9999 -9999 -9999 -9999 -9999 -9999 -9999 -9999 -9999 -9999 -9999 -9999 -9999 -9999 -9999 -9999 -9999 13.61774 20.97607 10.24635 38.07683 70.95643 52.31311 34.22733 15.05806 35.58463 16.07175 10.06573 53.64746 56.20496 29.78753 50.00878 58.24446 60.12306 51.25045 38.16188 10.25907 8.386183 7.170373 6.60981 10.43289 17.54904 37.6132 64.69754 97.56796 54.9392 84.94738 105.4036 127.5234 196.052 303.912 386.4971 410.3033 408.4537 425.1731 481.9487 506.1684 501.8081 564.9808 697.2401 871.8654 872.4504 860.4444 903.3798
-9999 -9999 -9999 -9999 -9999 -9999 -9999 -9999 -9999 -9999 -9999 -9999 -9999 -9999 -9999 -9999 -9999 -9999 -9999 -9999 -9999 -9999 -9999 -9999 -9999 17.78964 17.96934 9.446837 7.036022 7.814365 6.494905 3.785407 9.951927 19.39552 19.58453 22.65181 28.00176 35.84835 32.18275 25.13077 5.998331 5.286715 5.814076 6.187139 13.803 17.63838 24.85543 39.64463 41.88607 55.61819 88.73119 104.8079 128.5711 161.4262 237.1209 295.979 304.9967 295.7294 320.427 352.033 368.8128 387.2782 467.5744 566.4226 688.7839 693.8496 719.2844 776.5292
-9999 -9999 -9999 -9999 -9999 -9999 -9999 -9999 -9999 -9999 -9999 -9999 -9999 -9999 -9999 -9999 -9999 -9999 -9999 -9999 -9999 -9999 -9999 -9999 -9999 -9999 -9999 -9999 -9999 8.587792e-005 2.110135 0.2171106 2.477047 2.992298 1.866795 2.452785 10.35795 20.39358 18.0491 20.12547 4.143895 4.402936 7.568847 19.87027 22.8617 19.88154 16.06012 22.08928 39.24592 54.5955 81.25441 95.343 111.1006 117.9878 147.7857 164.7188 181.5609 183.612 209.6075 285.0567 343.9678 369.847 387.0443 423.8611 487.5914 530.827 601.1114 660.9719
-9999 -9999 -9999 -9999 -9999 -9999 -9999 -9999 -9999 -9999 -9999 -9999 -9999 -9999 -9999 -9999 -9999 -9999 -9999 -9999 -9999 -9999 -9999 -9999 -9999 -9999 -9999 -9999 -9999 -9999 -9999 -9999 1.152606 0.908607 0 0 2.365103 9.967421 15.02301 14.97468 3.341763 4.204186 5.848813 10.3795 15.02299 9.600191 23.83322 28.99192 41.80558 53.94643 74.82378 85.41882 93.60878 99.99634 100.1282 127.7755 204.294 262.4436 298.5229 368.557 450.9813 487.4179 453.4798 478.9632 596.1903 637.3459 720.2432 776.994
-9999 -9999 -9999 -9999 -9999 -9999 -9999 -9999 -9999 -9999 -9999 -9999 -9999 -9999 -9999 -9999 -9999 -9999 -9999 -9999 -9999 -9999 -9999 -9999 -9999 -9999 -9999 -9999 -9999 -9999 -9999 -9999 -9999 -9999 -9999 -9999 -9999 0.7645155 3.62185 4.088659 3.543868 5.220836 8.651958 9.998697 7.192201 19.65202 26.89189 31.5883 42.63055 51.78584 65.79614 70.43384 75.12347 78.8138 113.5201 193.1607 238.9965 286.1012 300.5588 355.3727 443.353 523.4761 609.5723 656.5586 808.629 882.0798 961.2923 1047.808
-9999 -9999 -9999 -9999 -9999 -9999 -9999 -9999 -9999 -9999 -9999 -9999 -9999 -9999 -9999 -9999 -9999 -9999 -9999 -9999 -9999 -9999 -9999 -9999 -9999 -9999 -9999 -9999 -9999 -9999 -9999 -9999 -9999 -9999 -9999 -9999 -9999 -9999 1.09155 1.288087 3.163041 4.651829 6.438751 5.971282 8.044689 10.02034 20.03253 28.06936 39.28074 47.5799 59.60054 60.90676 62.58259 73.24098 135.5331 192.4095 184.875 210.9517 300.4526 360.8478 426.8981 477.6356 603.2103 716.5234 887.4679 962.4275 1004.818 1054.281
-9999 -9999 -9999 -9999 -9999 -9999 -9999 -9999 -9999 -9999 -9999 -9999 -9999 -9999 -9999 -9999 -9999 -9999 -9999 -9999 -9999 -9999 -9999 -9999 -9999 -9999 -9999 -9999 -9999 -9999 -9999 -9999 -9999 -9999 -9999 -9999 -9999 -9999 -9999 0.1320682 1.223313 1.748976 2.26397 2.132452 4.088155 19.57733 19.59235 26.89592 37.03895 45.51282 52.16119 47.40635 47.08854 71.09237 104.764 93.46707 191.7071 263.0171 334.3443 363.2077 359.0145 397.9676 524.7601 607.1201 768.5785 854.6998 872.0382 928.0826
-9999 -9999 -9999 -9999 -9999 -9999 -9999 -9999 -9999 -9999 -9999 -9999 -9999 -9999 -9999 -9999 -9999 -9999 -9999 -9999 -9999 -9999 -9999 -9999 -9999 -9999 -9999 -9999 -9999 -9999 -9999 -9999 -9999 -9999 -9999 -9999 -9999 -9999 -9999 -9999 0.3391164 0.3306378 0.5429022 0.7421682 10.10901 20.40099 23.40228 29.3208 37.41131 44.43365 47.45425 40.35599 30.13564 50.74915 83.74403 86.0947 191.3613 257.946 314.053 309.8769 290.1018 351.0547 472.9103 546.019 673.0991 707.8367 754.4027 833.2751
-9999 -9999 -9999 -9999 -9999 -9999 -9999 -9999 -9999 -9999 -9999 -9999 -9999 -9999 -9999 -9999 -9999 -9999 -9999 -9999 -9999 -9999 -9999 -9999 -9999 -9999 -9999 -9999 -9999 -9999 -9999 -9999 -9999 -9999 -9999 -9999 -9999 -9999 -9999 -9999 -9999 -9999 -9999 1.229029 5.244569 7.200175 15.01155 23.98463 32.5703 35.21663 33.76846 28.8923 17.74812 19.988 49.63428 62.9282 135.7123 203.7932 257.4443 226.1947 239.1498 295.7152 409.8264 493.7576 549.1631 561.9512 633.4397 700.5249
-9999 -9999 -9999 -9999 -9999 -9999 -9999 -9999 -9999 -9999 -9999 -9999 -9999 -9999 -9999 -9999 -9999 -9999 -9999 -9999 -9999 -9999 -9999 -9999 -9999 -9999 -9999 -9999 -9999 -9999 -9999 -9999 -9999 -9999 -9999 -9999 -9999 -9999 -9999 -9999 -9999 -9999 -9999 -9999 -9999 -9999 4.081097 18.88354 19.30804 19.93306 20.00373 20.0181 13.68693 19.95787 39.44553 46.39206 81.27414 136.6141 207.8448 164.5888 138.1019 115.7369 321.1101 405.2109 459.1269 513.7527 546.8853 572.7621
-9999 -9999 -9999 -9999 -9999 -9999 -9999 -9999 -9999 -9999 -9999 -9999 -9999 -9999 -9999 -9999 -9999 -9999 -9999 -9999 -9999 -9999 -9999 -9999 -9999 -9999 -9999 -9999 -9999 -9999 -9999 -9999 -9999 -9999 -9999 -9999 -9999 -9999 -9999 -9999 -9999 -9999 -9999 -9999 -9999 -9999 -9999 -9999 -9999 -9999 2.90394 6.028617 6.34903 11.93004 20.0353 24.32849 41.46142 62.1934 81.5892 8.573392e-006 84.9465 133.6997 373.3018 393.2743 412.2335 412.1572 223.3823 163.4541
