components/klab.component.landcover/etc/demofiles/sc1gr8.fil
ncols         128
nrows         108
xllcorner     436000
yllcorner     1356000
cellsize      250
NODATA_value  -9999
[rows 0 to 29 of 108, columns 0 to 67 of 128]
-9999 -9999 -9999 -9999 -9999 -9999 -9999 -9999 -9999 -9999 -9999 -9999 -9999 -9999 -9999 -9999 -9999 -9999 -9999 -9999 -9999 -9999 -9999 -9999 -9999 -9999 -9999 -9999 -9999 -9999 -9999 -9999 -9999 -9999 -9999 -9999 -9999 -9999 -9999 -9999 -9999 -9999 -9999 -9999 -9999 -9999 -9999 -9999 -9999 -9999 -9999 -9999 -9999 -9999 -9999 -9999 -9999 -9999 -9999 -9999 -9999 -9999 -9999 -9999 -9999 -9999 -9999 -9999
-9999 -9999 -9999 -9999 -9999 -9999 -9999 -9999 -9999 -9999 -9999 -9999 -9999 -9999 -9999 -9999 -9999 -9999 -9999 -9999 -9999 -9999 -9999 -9999 -9999 -9999 -9999 -9999 -9999 -9999 -9999 -9999 -9999 -9999 -9999 -9999 -9999 -9999 -9999 -9999 -9999 -9999 -9999 -9999 -9999 -9999 -9999 -9999 -9999 -9999 -9999 -9999 -9999 -9999 -9999 -9999 -9999 -9999 -9999 -9999 -9999 -9999 -9999 -9999 -9999 -9999 -9999 -9999
-9999 -9999 -9999 -9999 -9999 -9999 -9999 -9999 -9999 -9999 -9999 -9999 -9999 -9999 -9999 -9999 -9999 -9999 -9999 -9999 -9999 -9999 -9999 -9999 -9999 -9999 -9999 -9999 -9999 -9999 -9999 -9999 -9999 -9999 -9999 -9999 -9999 -9999 -9999 -9999 -9999 -9999 -9999 -9999 -9999 -9999 -9999 -9999 -9999 -9999 -9999 -9999 -9999 0.1057455 0.1759186 0.2189232 0.2218989 0.1860198 0.1559442 -9999 -9999 -9999 -9999 -9999 -9999 -9999 -9999 -9999
-9999 -9999 -9999 -9999 -9999 -9999 -9999 -9999 -9999 -9999 -9999 -9999 -9999 -9999 -9999 -9999 -9999 -9999 -9999 -9999 -9999 -9999 -9999 -9999 -9999 -9999 -9999 -9999 -9999 -9999 -9999 -9999 -9999 -9999 -9999 -9999 -9999 -9999 -9999 -9999 -9999 -9999 -9999 -9999 -9999 -9999 -9999 -9999 -9999 -9999 -9999 -9999 0.139816 0.2653424 0.392331 0.4424433 0.4493305 0.4210182 0.3195524 0.2207903 0.1427607 -9999 -9999 -9999 -9999 -9999 -9999 -9999
-9999 -9999 -9999 -9999 -9999 -9999 -9999 -9999 -9999 -9999 -9999 -9999 -9999 -9999 -9999 -9999 -9999 -9999 -9999 -9999 -9999 -9999 -9999 -9999 -9999 -9999 -9999 -9999 -9999 -9999 -9999 -9999 -9999 -9999 -9999 -9999 -9999 -9999 -9999 -9999 -9999 -9999 -9999 -9999 -9999 -9999 -9999 -9999 -9999 -9999 0.1418 0.2923324 0.4013269 0.5325572 0.5571443 0.5651203 0.5852246 0.5934802 0.5911148 0.5396916 0.4012536 0.2392726 -9999 -9999 -9999 3.409772 -9999 -9999
-9999 -9999 -9999 -9999 -9999 -9999 -9999 -9999 -9999 -9999 -9999 -9999 -9999 -9999 -9999 -9999 -9999 -9999 -9999 -9999 -9999 -9999 -9999 -9999 -9999 -9999 -9999 -9999 -9999 -9999 -9999 -9999 -9999 -9999 0.1249845 0.140498 -9999 -9999 -9999 -9999 -9999 -9999 -9999 -9999 -9999 -9999 -9999 -9999 -9999 0.2148679 0.3793072 0.5950732 0.6559969 0.6249984 0.5730718 0.5479295 0.5815079 0.6212105 0.665701 0.6637748 0.6750342 0.5560026 0.6253632 2.539956 4.509336 6.494458 7.951067 7.315989
-9999 -9999 -9999 -9999 -9999 -9999 -9999 -9999 -9999 -9999 -9999 -9999 -9999 -9999 -9999 -9999 -9999 -9999 -9999 -9999 -9999 -9999 -9999 -9999 -9999 -9999 -9999 -9999 -9999 -9999 -9999 0.6885177 0.6584817 -9999 0.5414027 0.7452053 1.189905 2.02662 0.5653523 1.037777 1.789882 1.240235 0.2822845 -9999 -9999 -9999 0.1278629 0.2035075 0.2694242 0.4783411 0.7576221 0.8432692 0.7604735 0.6128187 0.5094112 0.5061973 0.5839906 0.6417345 0.7071142 0.7171863 0.962322 1.915366 4.091905 7.946935 11.63117 14.29699 16.68529 15.37724
-9999 -9999 -9999 -9999 -9999 -9999 -9999 -9999 -9999 -9999 -9999 -9999 -9999 -9999 -9999 -9999 -9999 -9999 -9999 -9999 -9999 -9999 -9999 -9999 -9999 -9999 -9999 -9999 -9999 -9999 1.399168 1.343078 1.315177 0.704953 1.35745 1.950606 2.254838 2.108094 0.4412253 0.7418225 1.514258 1.539094 0.5427412 0.192664 0.1020207 0.1301053 0.1952766 0.3002431 0.3713006 0.5488998 0.73649 0.6229347 0.4426237 0.3469104 0.352231 0.5014383 0.6517416 0.686621 0.7426203 0.7634574 1.557488 4.417481 8.011386 11.55962 14.78408 16.17895 13.74746 16.00728
-9999 -9999 -9999 -9999 -9999 -9999 -9999 -9999 -9999 -9999 -9999 -9999 -9999 -9999 -9999 -9999 -9999 -9999 -9999 -9999 -9999 -9999 -9999 -9999 -9999 -9999 0.7804106 -9999 -9999 1.273835 2.670122 2.543666 2.627434 1.603018 2.504143 2.321563 1.908446 0.8910884 0.7083315 0.9994118 1.123674 1.030235 0.7860962 0.4456305 0.1889918 0.176373 0.1742357 0.2153412 0.2779652 0.3984468 0.5474966 0.4290753 0.2029705 0.07878503 0.1834725 0.6183186 0.7894511 0.7386709 0.7897758 1.036558 3.169008 8.086534 10.60326 11.58307 15.21975 15.85103 12.13662 16.22628
-9999 -9999 -9999 -9999 -9999 -9999 -9999 -9999 -9999 -9999 -9999 -9999 -9999 -9999 -9999 -9999 -9999 -9999 -9999 -9999 -9999 -9999 -9999 -9999 -9999 -9999 0.2517241 0.8363987 1.650751 3.014387 4.430202 3.366718 3.711685 2.661964 2.391685 1.206413 0.8415653 0.7806918 0.9112505 1.16379 0.9402096 0.7200773 0.9110692 0.6973721 0.2583835 0.1138215 0.1107995 0.1931307 0.2829907 0.354141 0.305154 0.4547378 0.7473968 0.6844361 0.2544404 0.979131 0.8978853 0.5910424 0.7315092 1.400293 4.443952 9.958519 11.19572 11.12895 15.399 15.52288 11.58544 17.64001
-9999 -9999 -9999 -9999 -9999 -9999 -9999 -9999 -9999 -9999 -9999 -9999 -9999 -9999 -9999 -9999 -9999 -9999 -9999 -9999 -9999 1.902857 -9999 -9999 -9999 1.022602 1.332106 3.55994 6.462851 7.287698 5.054054 2.752871 3.351262 3.547217 2.583599 1.331549 0.8839592 1.045617 0.9598495 1.042181 1.074741 0.9854473 1.181978 1.205358 0.6943468 0.1324455 0.08045593 0.1702962 0.35248 0.7239888 1.228893 1.754385 1.726658 1.199047 0.6397185 1.061182 0.8402038 0.2187007 0.679276 1.860116 4.309225 9.224198 10.14659 8.378842 13.40091 15.13414 5.567627 6.913007
-9999 -9999 -9999 -9999 -9999 -9999 -9999 -9999 -9999 -9999 -9999 -9999 -9999 -9999 -9999 -9999 -9999 -9999 -9999 -9999 1.668237 2.305837 2.506973 2.871812 2.383064 2.513681 2.766275 6.190957 8.463674 7.516851 5.305651 2.481702 1.867995 2.566552 2.675463 2.142015 1.268713 1.168569 1.221502 0.8251196 0.8341953 1.063018 1.368859 1.757876 1.481869 0.6111978 0.2280754 0.2187098 0.9476388 2.090125 3.062615 3.229953 2.190465 1.718297 0.8303018 0.808969 0.8220871 0.6549795 0.9664712 2.534463 4.094454 6.51298 7.811225 9.601038 15.062 19.59076 15.24117 6.686261
-9999 -9999 -9999 -9999 -9999 -9999 -9999 -9999 -9999 -9999 -9999 -9999 -9999 -9999 -9999 -9999 -9999 -9999 -9999 0.5791408 2.261717 5.457781 8.113395 9.363092 7.91182 5.309067 3.342866 7.708716 6.844812 2.341583 4.510316 3.631581 1.755577 0.9867199 1.473811 2.184257 1.305913 1.006617 1.455039 0.840375 0.4218206 0.4465022 0.8323709 1.610215 2.063185 1.502216 0.8497053 0.6077557 1.703472 4.171584 6.283093 5.889275 4.661026 3.110974 1.489433 0.8098381 0.6569907 0.8307512 1.325326 3.290832 4.726397 6.409164 8.424242 9.233325 7.015843 10.57785 15.95848 15.10862
-9999 -9999 -9999 -9999 -9999 -9999 -9999 -9999 -9999 -9999 -9999 -9999 -9999 -9999 -9999 -9999 -9999 -9999 0.6894767 0.3318977 3.793783 8.309399 7.663572 6.325079 6.26679 5.689541 4.423305 7.897434 4.486178 1.155297 2.670169 4.564928 3.52174 1.566722 1.394405 2.549348 2.322693 1.279837 1.265434 0.8649721 0.4117725 0.1043345 0.3497803 0.6651184 1.508984 1.663271 1.313973 0.8142949 2.433108 7.030722 8.564625 6.504722 6.891321 4.47955 2.770861 1.563658 0.8394796 0.8332884 1.611549 3.770487 4.743341 7.331451 11.94543 11.74107 9.874793 5.100235 5.419687 8.967216
-9999 -9999 -9999 -9999 -9999 -9999 -9999 -9999 -9999 -9999 -9999 -9999 -9999 -9999 -9999 -9999 -9999 2.047576 0.6557904 0.4913285 4.314909 9.637312 4.875272 3.382285 3.728395 5.012204 5.076159 6.07922 2.634389 1.214656 2.010028 3.686144 4.745842 4.464651 4.165785 4.980791 6.021444 4.94548 2.516721 0.9725965 0.5420426 0.05164636 0.3211502 0.1740907 0.628688 1.083939 1.577613 1.385828 3.4173 9.29821 7.961832 4.142565 6.919975 5.935818 4.970298 3.453065 2.548609 2.235386 2.166978 3.49177 4.175303 8.410049 13.78646 9.568384 6.305808 11.75906 13.92663 13.88879
-9999 -9999 -9999 -9999 -9999 -9999 -9999 -9999 -9999 -9999 -9999 -9999 -9999 -9999 -9999 -9999 1.125371 2.214079 1.748067 1.76875 4.673697 8.339012 4.68553 2.289372 3.829049 4.944081 4.350375 4.388162 2.783122 2.026031 1.669467 2.154888 3.007406 2.600826 2.901869 4.168839 5.807604 7.571856 5.284834 1.559714 0.6734679 0.1870018 0.341735 0.5029047 0.2662175 0.2369801 0.5724893 0.6225874 3.399524 9.648556 6.856656 1.915073 4.807909 5.871093 5.832943 4.363494 3.604089 3.130576 2.28476 2.857362 3.573077 9.933941 15.31734 13.02299 12.97805 17.04813 18.83872 16.70447
-9999 -9999 -9999 -9999 -9999 -9999 -9999 -9999 -9999 -9999 -9999 -9999 -9999 -9999 -9999 -9999 4.448491 6.820696 8.244638 8.230303 7.267662 6.195173 5.077776 4.90348 7.981543 8.191764 7.611625 8.722788 8.991667 7.91111 5.543729 3.291182 2.971837 1.380512 0.9456499 1.843089 2.113465 6.894925 10.69902 9.275788 4.464569 0.7392308 0.3452374 0.2466123 0.4408762 0.6935603 0.6536156 0.0508959 2.997899 8.443292 7.168192 1.652611 1.371661 3.655555 4.863353 3.707757 3.92934 4.43055 3.62959 2.437887 3.028118 10.9115 15.83903 15.90771 18.05127 19.51931 21.26185 22.3851
-9999 -9999 -9999 -9999 -9999 -9999 -9999 -9999 -9999 -9999 -9999 -9999 -9999 -9999 -9999 4.794325 7.351905 7.852737 8.219213 8.00036 6.435386 5.126875 5.998053 9.542591 10.80187 11.68182 11.52277 11.57807 10.50063 9.182383 7.392978 4.595669 3.605062 2.335263 1.023829 2.636789 3.460693 9.170897 14.82563 16.63952 9.902589 1.441508 1.234917 1.543986 1.24658 0.3645699 0.3222923 0.7608693 2.442758 6.083151 6.456406 4.118018 1.543728 2.050689 3.755773 2.855757 3.705549 4.8304 5.441849 3.315246 3.627166 9.683666 14.71957 19.51781 22.03778 19.17831 19.17294 22.1658
-9999 -9999 -9999 -9999 -9999 -9999 -9999 -9999 -9999 -9999 -9999 -9999 -9999 -9999 -9999 6.696493 9.734244 5.099599 1.813353 4.023728 8.003445 10.36045 9.56422 12.489 11.35656 11.16016 9.510149 4.762381 0.7262015 5.868452 7.609922 4.523606 2.64865 1.619998 0.4447343 4.486422 7.502042 10.60381 7.618052 18.35234 13.95346 3.335135 6.259746 6.195759 5.130675 2.833048 1.130144 0.600656 2.293855 4.453875 4.5207 3.978801 2.959436 0.7115489 2.594464 2.076529 2.906557 3.397392 4.984181 5.224277 4.413027 9.272529 12.42646 18.83545 23.26772 21.16155 15.9064 9.071714
-9999 -9999 -9999 -9999 -9999 -9999 -9999 -9999 -9999 -9999 -9999 -9999 -9999 -9999 3.416809 7.943461 8.20092 4.404393 5.675504 8.501064 10.23161 10.62873 10.15605 13.03049 13.07001 10.5717 9.955398 7.633915 6.515151 8.938523 7.841232 4.107777 2.43998 0.7923204 2.186342 7.995894 10.13361 8.273536 3.025407 18.20953 15.23871 8.130427 8.481619 7.21637 6.678061 4.185746 2.067282 1.539622 3.945654 5.227341 4.504649 2.786876 2.656103 0.5846561 1.721817 2.669355 4.553905 5.258895 5.386437 6.212821 2.233236 9.448692 11.86023 15.37248 18.05627 21.20922 21.12904 16.46539
-9999 -9999 -9999 -9999 -9999 -9999 -9999 -9999 -9999 -9999 -9999 2.952267 2.135474 2.438198 5.967768 8.679916 5.698762 7.438199 12.23913 12.01047 10.03446 9.981838 11.38585 12.70313 10.3542 5.624825 9.084701 12.74255 11.64839 7.357162 4.453702 1.693599 0.5618383 5.179436 10.7271 13.9899 11.75135 6.594431 3.46999 14.3543 14.02753 13.96393 10.12494 6.967265 6.212702 4.980828 3.491946 3.80502 6.440692 6.492792 4.743227 2.956502 2.9253 2.641638 3.298151 5.834527 8.558396 9.625714 9.268431 9.741261 5.705632 9.795693 15.43448 17.67056 17.21823 18.65708 20.97605 22.32909
-9999 -9999 -9999 -9999 -9999 -9999 -9999 -9999 -9999 3.996153 4.323557 6.522771 5.149889 5.202852 8.167085 7.17384 5.650596 10.15909 13.17407 11.46765 12.37509 13.9744 13.98284 11.75512 6.8036 3.203678 5.745593 12.35562 12.65918 9.388371 7.10887 3.246333 4.007993 10.53481 14.95594 14.97171 11.56014 7.266811 6.007065 9.131405 13.21003 19.22042 17.73844 13.46019 7.090509 5.118385 4.663059 4.407582 6.716566 4.880434 2.512727 2.38697 4.511904 5.545077 6.639591 8.95482 9.695009 8.912282 9.865131 13.36134 13.15218 8.328067 18.58259 18.84298 13.29752 12.9623 18.85757 23.04535
-9999 -9999 -9999 -9999 -9999 -9999 -9999 -9999 5.083861 6.652586 8.837411 10.93804 10.23924 6.807394 7.132628 5.489192 6.169511 10.52989 12.20636 10.102 11.70798 16.10479 16.89863 16.12803 13.72688 10.26422 8.948298 12.05853 11.75263 10.63299 10.18952 6.500635 6.961165 10.83301 12.41043 10.06273 7.528947 8.256581 9.176279 9.873444 14.76243 14.18734 18.1902 19.70407 10.74121 6.989388 6.251651 2.973868 5.654254 3.473318 2.83563 5.882205 8.593378 8.703081 8.495892 11.69001 13.65531 13.82222 15.4874 17.95606 19.93711 6.694838 15.65419 17.9493 20.63239 24.39049 28.42746 33.23409
-9999 -9999 -9999 -9999 -9999 -9999 -9999 2.128591 6.109688 8.866096 9.820522 12.17347 13.54079 7.398444 4.363343 5.078559 8.010324 10.29082 11.14166 12.39476 15.03141 17.50422 17.73723 18.15937 16.86283 14.83678 12.01311 11.60271 10.34075 8.582804 8.842694 5.434417 7.370398 8.813079 10.85949 10.3244 3.787392 6.223309 7.523148 8.687588 9.207735 4.607671 12.06532 19.75651 14.675 10.11658 8.291391 2.640388 4.384551 4.390487 5.584188 8.79971 9.527915 8.104878 8.272182 14.11059 16.58578 17.54312 18.8619 17.63089 22.80617 11.44581 7.601677 9.304814 12.27244 16.60375 20.25714 26.27077
-9999 -9999 -9999 -9999 -9999 -9999 -9999 2.950583 7.132256 9.972455 12.27082 5.757489 11.47037 10.82428 6.873915 7.446038 10.37304 11.6132 14.2044 17.40472 19.33054 18.66814 12.05864 8.963644 11.01292 15.038 13.29182 11.78087 10.46556 6.620116 5.279045 5.68132 5.340872 8.285717 12.05237 13.35132 10.36429 11.51247 11.72962 11.81388 11.21466 11.82228 16.24298 23.00313 20.48789 14.22971 10.51729 5.442609 2.409708 5.248622 7.174062 8.120559 6.920708 7.150577 10.14087 15.69198 16.06078 14.26849 14.09597 14.28097 21.95222 16.23868 18.73761 18.42409 13.89954 10.97582 13.90948 12.30601
-9999 -9999 -9999 -9999 -9999 -9999 -9999 5.145677 9.814626 9.921707 12.56374 7.385195 7.843627 12.44495 10.16618 8.136843 10.27375 12.80079 17.43214 21.86068 22.31996 16.67531 7.317344 6.008681 13.25237 17.37479 15.14157 11.90639 9.124833 2.682899 4.727387 8.124022 5.652019 9.066315 15.11363 17.02354 15.97156 17.27772 18.70876 18.23199 17.52259 19.22877 21.19055 24.88211 23.12829 17.15435 12.70413 8.231974 2.274721 4.67779 6.989519 9.837561 9.164666 9.545238 10.79625 14.67141 15.70087 13.32411 13.56878 18.13779 22.14462 18.58582 26.00234 24.04969 19.22431 10.34361 20.58244 25.70242
-9999 -9999 -9999 -9999 -9999 -9999 -9999 8.133228 11.06413 8.781661 11.56826 9.673014 8.117181 12.38714 14.86023 12.98744 14.57775 16.11617 20.70268 24.86429 21.24052 10.77869 3.236116 11.37793 15.22599 15.11272 12.25184 9.602616 9.956515 6.60482 10.20101 10.94145 12.75508 9.668499 14.79869 18.22701 14.54467 13.97872 17.5518 18.79465 18.76022 18.28376 15.69775 23.75748 25.34088 21.88504 17.29609 11.68839 5.354599 2.446405 5.416817 13.55836 16.34859 13.60195 11.92821 15.86987 16.72014 14.75997 18.00187 22.90139 28.47116 21.66892 24.33551 21.01015 23.27306 8.480034 23.65854 28.92874
-9999 -9999 -9999 -9999 -9999 -9999 2.196606 8.923646 9.601947 7.102618 9.962636 9.161556 9.479345 10.04015 15.68027 14.92862 16.57646 17.57155 21.42686 25.38246 16.79286 9.468893 10.6409 9.845103 10.41927 13.70224 15.15429 14.96914 14.89505 8.600719 11.06353 11.02886 14.7434 13.19583 7.180569 22.18075 19.53724 12.53676 13.76135 15.95757 18.71631 17.98231 15.60741 22.94079 26.63595 26.31071 21.94099 14.95156 9.425142 3.472826 8.018825 20.37198 22.63416 16.0957 14.70271 19.04774 19.7808 20.2686 25.04489 24.64432 31.14459 23.43222 21.17033 26.87929 28.30394 10.30125 22.98151 32.56495
-9999 -9999 -9999 -9999 -9999 3.835829 6.954188 12.26014 11.55401 8.949598 8.361051 8.948685 12.70701 11.83486 14.30239 15.98403 17.14872 20.10998 22.82091 23.85147 12.18076 13.44677 12.48289 9.174655 16.56996 23.08607 23.86298 19.32016 17.0161 6.83541 10.49625 13.83965 15.57533 18.13992 10.86861 21.66699 25.19745 13.46878 13.27203 16.06487 19.48105 20.9856 22.4134 24.83943 26.80487 29.4964 25.29127 16.79383 12.68685 10.21683 17.51204 26.50617 27.81509 23.64517 22.83114 20.17801 18.91541 24.06517 30.07483 25.69545 31.19017 25.44518 15.78462 30.94839 26.63522 18.03785 21.61186 28.93853
-9999 -9999 -9999 -9999 -9999 5.435465 11.70004 15.98986 14.6063 10.91967 9.357081 9.983498 14.20955 16.12842 13.4167 18.6581 22.57261 25.26289 24.93975 21.96333 11.16945 16.38668 12.11431 14.12387 19.20309 19.83304 20.58565 19.80421 17.42461 6.741481 12.31309 18.68615 16.27083 19.21399 17.7853 15.84577 26.75813 17.80406 12.86219 14.79752 16.88463 16.44265 19.22741 23.29452 26.08993 31.78595 28.0829 18.07368 13.43298 12.88404 23.01732 30.57008 31.87641 29.00049 28.73046 25.32757 21.68394 28.28594 28.19059 19.43905 27.25268 25.12654 22.44246 33.51952 19.83583 25.55842 29.72304 23.98535
