components/klab.component.landcover/etc/demofiles/sc1gr8.fil
ncols         128
nrows         108
xllcorner     436000
yllcorner     1356000
cellsize      250
NODATA_value  -9999
[rows 30 to 59 of 108, columns 0 to 67 of 128]
-9999 -9999 -9999 -9999 -9999 7.449636 11.7856 11.28023 8.026181 4.168926 6.859696 9.080358 10.71449 15.20821 14.05752 16.51777 25.65609 27.16503 21.77862 14.74315 8.251062 15.66491 17.40705 22.99479 20.96476 18.3476 21.73619 21.48264 18.45008 15.84448 17.22032 21.90472 17.74063 19.45942 23.30317 15.03361 21.67756 21.0906 12.42792 8.754798 9.297964 4.156774 4.347104 14.56353 21.75849 31.00946 29.47603 20.31432 15.54551 17.87566 27.95298 32.34109 30.83398 25.97806 24.58142 26.45451 25.77983 26.53595 21.37744 13.71446 23.38559 25.95005 27.78947 32.51131 17.74819 27.84142 32.00483 30.99428
-9999 -9999 -9999 -9999 -9999 8.068923 11.2921 9.138674 11.29538 8.095303 6.556933 6.915151 7.57051 15.25154 20.28344 22.7553 23.42087 18.13137 11.78096 5.613421 4.41927 10.47742 20.24954 21.83318 15.86864 19.81188 23.55143 21.22198 20.28996 20.05159 18.97883 20.37651 15.46831 13.48601 21.37057 20.29262 15.48724 19.16964 15.58309 8.403191 5.338895 4.462813 5.424348 7.836939 16.86627 27.96951 28.65776 21.32052 14.85652 19.15796 25.35085 23.32648 20.1217 16.79299 11.98481 5.660991 10.6714 15.97159 17.92362 19.44171 21.16411 31.72041 33.11543 30.14131 20.82141 27.39169 32.88045 31.30009
-9999 -9999 -9999 -9999 -9999 6.592416 10.60562 7.597795 10.41613 9.366903 5.421436 7.66847 9.476647 17.04107 22.61998 26.50745 25.09032 9.475356 0.8404433 2.259573 6.587153 12.15747 13.38441 7.857921 7.007071 16.61939 20.67113 20.03169 18.20242 17.49272 15.57049 12.41926 8.824458 2.740288 8.372406 13.37533 12.47222 17.17514 14.01133 5.965721 4.339046 5.036485 5.661073 6.228487 13.94547 23.44415 24.54012 18.77349 7.836094 9.840957 18.00537 24.68828 29.20655 31.25177 29.80415 25.1811 21.39875 20.19064 20.68969 23.02598 16.7915 32.74903 41.93034 41.36188 30.88603 24.32813 32.0487 31.17705
-9999 -9999 -9999 -9999 -9999 5.477389 8.244266 9.608062 10.52715 7.012722 8.202719 9.814688 10.21029 18.82131 21.39311 26.26682 27.96011 11.99378 2.243196 4.769462 9.214721 9.068283 3.182174 2.896439 6.314198 11.837 13.56616 12.27978 9.168308 6.893131 3.820713 2.695637 6.829584 6.03474 1.46641 4.288595 4.250426 12.58489 7.660784 6.686478 9.52787 8.679195 6.410286 7.60474 16.62877 23.09572 22.7873 17.50603 8.74452 8.429468 13.81405 15.54119 13.10445 16.08087 21.1508 21.23772 22.10535 25.96271 26.73166 30.68163 25.39134 22.96268 38.03881 45.07254 37.29142 25.38646 32.74979 36.72326
-9999 -9999 -9999 -9999 -9999 -9999 5.689855 10.46309 10.93764 12.22384 10.58607 7.594833 10.31433 17.13372 19.36285 25.58252 27.83821 13.65236 6.593652 8.05154 7.603612 4.583237 11.3501 15.98945 18.04155 19.67973 19.79836 16.51477 13.05252 14.7718 15.2851 13.22172 13.37006 14.58815 10.28493 3.250665 3.973986 11.14514 2.177198 12.02123 19.19644 20.07216 14.55636 12.58914 20.93138 24.59702 22.71809 18.82046 13.75734 7.292579 15.93405 25.13368 24.07922 23.30295 22.23773 18.85076 16.5001 20.98752 25.21145 33.62531 31.81325 13.81194 21.3093 42.00486 42.06194 34.12686 39.49827 38.36501
-9999 -9999 -9999 -9999 -9999 -9999 5.902394 8.152644 9.489384 6.335062 7.988265 13.5358 12.98717 13.59518 16.27103 25.07467 24.90684 16.1509 14.39751 12.43638 11.43397 11.35847 17.3716 19.37383 21.05903 22.6133 20.89743 18.20407 18.6405 18.8476 14.96832 12.57178 11.90403 14.9788 15.58029 9.352552 7.962634 8.602903 6.405871 23.65836 28.08043 28.94402 23.27985 16.38625 23.36222 24.52333 22.67812 19.70323 12.26738 13.49913 24.03391 27.14735 21.72965 19.94245 23.65638 25.0572 24.79302 25.48666 29.3444 33.95868 30.65548 17.08281 9.719197 30.84219 39.23645 35.88916 37.05777 27.29484
-9999 -9999 -9999 -9999 -9999 -9999 -9999 5.680928 8.443835 11.57281 15.76925 15.68356 11.38386 9.078194 12.65603 21.51311 20.72952 19.63981 19.9687 16.65085 13.88313 8.752671 14.86296 11.55264 7.93216 8.069792 7.590798 9.311139 11.21067 11.70142 12.99755 14.79994 11.86896 10.90109 13.73387 11.81459 10.19131 8.647882 18.84116 34.59375 35.80409 34.80329 31.89285 16.14281 21.29132 21.51177 21.75968 15.72425 4.595013 19.53086 26.40459 26.25179 20.21678 12.09349 13.65419 12.36191 13.78726 15.79537 19.31231 27.92042 27.18286 16.72391 13.59792 9.088111 18.54004 24.83235 27.16597 15.76999
-9999 -9999 -9999 -9999 -9999 -9999 -9999 6.773627 11.13436 13.79263 12.93504 11.73996 7.554866 3.986353 10.27969 16.25463 15.50449 17.99557 19.49491 16.21486 15.20654 3.481226 10.96376 9.06704 8.7232 11.34407 13.54355 14.493 12.70492 11.42752 10.02836 10.97852 14.63369 13.95838 16.85086 10.85698 5.356898 11.39826 22.36581 35.78986 33.29532 29.28287 35.0632 15.8489 20.16266 21.5625 21.93992 10.86149 7.645555 20.75165 25.78961 26.13675 20.06236 12.47805 15.02632 12.20459 8.841146 11.16471 20.10137 32.60836 35.13719 31.38799 30.24033 22.36927 9.087792 16.7822 24.01311 18.53119
-9999 -9999 -9999 -9999 -9999 -9999 -9999 -9999 7.149431 13.96681 14.32477 13.93695 10.32881 10.1653 13.34038 15.56 10.55955 12.93603 15.40418 13.88183 16.33616 7.331909 11.11103 14.6734 14.24096 12.54454 13.91173 16.14206 18.78897 21.25994 20.64238 3.099884 13.62565 22.34976 20.61728 5.222964 4.279348 12.77635 19.72596 30.35865 28.92218 16.61478 32.80412 16.0871 17.65974 20.96141 19.71047 6.472593 9.989695 20.27411 26.65305 27.42003 20.27371 13.42401 15.33175 8.337579 9.258687 18.89198 24.91674 34.13658 40.8611 39.98191 34.49183 33.34149 26.85929 21.74922 26.99553 25.88709
-9999 -9999 -9999 -9999 -9999 -9999 -9999 -9999 6.938101 13.13999 14.48271 11.91273 9.82252 12.32121 14.91993 17.77097 15.58617 17.35717 20.53654 20.31518 17.04374 8.068864 6.363472 7.959264 8.500037 9.995665 11.76387 9.427874 10.09961 22.30854 25.65857 5.832599 16.7756 27.57455 17.86541 3.941221 9.191914 12.19681 17.00713 23.68057 28.47541 3.324578 26.3458 14.17466 12.57014 18.44593 17.36796 3.77463 9.990195 18.6672 28.2571 27.66324 20.03918 14.36247 15.45537 5.996755 12.47254 19.79093 22.98255 28.0182 31.63333 29.84629 26.32117 32.45427 32.60087 31.18718 31.88785 24.29135
-9999 -9999 -9999 -9999 -9999 -9999 -9999 -9999 4.953769 11.41622 14.90257 8.798583 7.83381 6.570758 10.44348 17.36927 20.30564 21.81517 21.08215 15.23737 9.61506 3.220737 2.383904 3.120334 2.706936 6.225093 10.29037 6.840372 8.7705 24.2048 27.77429 8.786394 18.97589 29.98339 18.90113 11.64659 11.85613 10.03558 13.37218 17.16795 26.34284 9.554494 17.62675 9.86478 9.51257 17.53551 16.99403 6.068892 12.40648 16.95886 25.24518 26.36423 23.59343 19.04388 19.22087 17.89717 22.09635 21.33685 11.16111 12.24141 18.18979 29.7997 34.78806 35.96895 33.43761 32.55153 33.59662 17.66282
-9999 -9999 -9999 -9999 -9999 -9999 -9999 -9999 -9999 11.07532 15.24577 11.31046 8.224792 8.45058 12.23264 17.67094 20.82624 21.51163 18.096 15.02537 13.01585 6.02832 3.11175 2.428164 1.02766 4.388444 10.93869 9.508442 8.796721 24.55905 29.87124 12.64032 17.51021 30.68504 19.91719 13.91226 13.7155 9.262043 7.415105 13.98845 25.28129 12.16374 12.62341 8.695895 11.50059 18.1048 12.16159 8.697416 13.06784 14.89919 18.60482 23.15284 24.90679 20.41756 22.67756 27.45659 26.36753 16.56333 8.491985 23.56077 28.51735 33.91983 37.18609 33.85175 28.53541 30.23425 31.5828 14.4796
-9999 -9999 -9999 -9999 -9999 -9999 -9999 -9999 -9999 7.9543 9.458528 7.902342 9.795462 10.9012 9.082011 16.89678 21.06201 18.83646 19.70743 21.09192 17.94352 5.934376 1.632841 2.303037 1.724812 5.457337 12.68842 11.08832 9.266779 26.00631 32.23967 13.29174 15.12343 29.52068 17.65807 17.68796 15.95915 11.83947 4.577402 14.28051 28.8512 13.5912 11.70363 9.139813 17.47984 15.02359 0.6247624 9.523662 8.468511 13.52427 14.70962 19.6524 22.15994 18.61645 26.33342 25.95227 16.91742 9.361166 17.79569 30.11989 30.50845 29.25694 32.72863 26.71832 21.86397 29.75765 28.63354 5.2324
-9999 -9999 -9999 -9999 -9999 -9999 -9999 -9999 -9999 -9999 5.226182 10.84251 13.48655 5.949857 5.804941 17.12243 20.9489 15.42525 20.69783 27.08701 25.10421 9.655957 6.209534 7.712315 7.996658 9.9998 15.1589 12.17447 10.82311 26.87943 32.50406 10.50237 15.93012 26.70851 13.02932 19.3666 15.26435 14.96937 11.00611 14.61232 30.30238 10.71404 9.950037 11.09455 16.58876 5.984318 10.21468 4.651168 2.841171 11.43363 13.48047 19.66684 18.80974 17.24673 17.36439 14.37405 15.77043 19.74743 26.48774 33.95884 31.13357 22.82827 23.2668 25.64584 27.71615 34.38527 29.72939 4.842598
-9999 -9999 -9999 -9999 -9999 -9999 -9999 -9999 -9999 -9999 -9999 10.09777 11.92669 10.66752 5.674829 14.9043 17.19586 20.01572 22.27202 31.31566 29.2202 17.66028 16.07599 18.28522 19.08016 18.3384 17.83367 12.96222 12.581 27.02851 30.70061 4.088004 18.19329 19.92638 7.797789 15.96861 11.13954 14.38789 15.29777 17.24951 27.79224 10.12606 8.714212 13.76392 11.54982 9.020702 11.25104 6.40092 6.518971 10.16336 12.57993 18.64468 17.02613 10.60289 11.03843 32.57374 34.41537 31.07782 28.1534 25.15145 19.78665 25.62681 33.04621 37.12822 38.42739 41.83836 37.92899 8.397407
-9999 -9999 -9999 -9999 -9999 -9999 -9999 -9999 -9999 -9999 -9999 -9999 12.94845 16.0668 11.36431 10.7685 14.19844 21.14041 21.93998 32.3341 28.59107 18.64566 20.74463 22.5648 22.58027 21.41658 19.21868 15.63279 15.78352 25.52924 26.49688 3.496772 17.9439 10.35677 9.546126 13.36423 11.3597 11.67305 14.1044 16.06371 20.99504 9.891098 7.225953 10.34624 9.236571 8.892875 11.42297 8.41293 6.472764 8.756532 11.94057 15.30054 14.43659 13.27842 26.94173 34.21468 25.27801 9.894866 10.00919 14.51941 28.34722 33.88647 30.62123 30.5328 33.69789 40.09857 41.76611 23.57013
-9999 -9999 -9999 -9999 -9999 -9999 -9999 -9999 -9999 -9999 -9999 -9999 7.886658 12.34455 12.68462 12.98272 16.57086 13.90456 18.54533 30.95594 30.21511 22.47354 23.70655 24.6911 23.78974 20.35633 19.13988 22.47241 24.71512 24.13227 22.49538 9.555304 18.46564 12.06618 11.6986 10.36189 11.4836 7.572493 9.870539 9.335095 11.69666 11.20382 3.490196 5.71141 9.530999 4.976116 8.558636 3.974953 3.964151 6.505314 10.34042 12.63417 16.61385 26.16071 25.70741 21.19285 27.62306 31.69877 30.59322 27.12514 20.47813 17.94645 26.89525 35.12934 36.67974 37.05978 38.45654 27.44735
-9999 -9999 -9999 -9999 -9999 -9999 -9999 -9999 -9999 -9999 -9999 -9999 -9999 -9999 11.48178 13.4158 13.45766 6.884072 12.7202 25.38164 29.88859 24.12826 23.69365 24.52302 23.76922 21.04025 18.77849 22.35801 21.408 18.34121 19.14503 10.79571 18.00265 10.84509 11.90069 10.96906 10.67669 5.744413 7.123639 7.490098 8.827776 13.47143 8.639754 7.619995 8.635213 3.978696 7.000808 3.603501 3.429955 3.789139 7.209082 12.96101 22.54414 27.56293 21.63453 26.12232 31.87058 30.32302 25.70091 17.1463 12.7869 32.32608 35.63663 35.08608 32.02208 26.23024 28.38505 26.68785
-9999 -9999 -9999 -9999 -9999 -9999 -9999 -9999 -9999 -9999 -9999 -9999 -9999 -9999 -9999 6.722927 6.390965 6.422127 5.951605 14.52535 23.25657 22.89112 24.19136 23.02643 21.63541 22.3156 19.63535 18.97061 13.3331 11.47592 13.76342 6.602009 14.72157 8.773673 12.56631 14.10192 12.16751 9.793004 10.79327 12.29585 14.31146 15.68361 10.41808 7.443012 4.545678 4.79683 5.239358 4.435113 3.242387 1.644035 3.182336 11.30495 22.50777 28.94337 29.55116 23.75198 13.04141 16.28541 16.62471 16.90176 26.19255 31.09157 28.45256 30.52979 28.759 22.46625 25.6859 29.30593
-9999 -9999 -9999 -9999 -9999 -9999 -9999 -9999 -9999 -9999 -9999 -9999 -9999 -9999 -9999 -9999 4.449772 5.78279 4.186757 9.001814 16.13715 17.65831 19.12321 16.19188 14.87244 16.46562 17.16306 16.1637 12.31045 10.27532 10.36816 7.409339 13.02103 10.5263 11.30689 10.26379 8.793609 8.55551 9.931444 11.26496 12.26428 11.21901 6.760637 4.01409 2.769945 5.058997 5.133335 5.506229 3.179806 1.035217 2.549104 7.276484 15.51876 19.46994 16.14105 19.86634 26.09671 22.01716 15.54652 17.59364 21.04843 19.06519 28.43615 36.33165 34.38633 28.68559 29.87213 31.73083
-9999 -9999 -9999 -9999 -9999 -9999 -9999 -9999 -9999 -9999 -9999 -9999 -9999 -9999 -9999 -9999 -9999 -9999 3.88962 4.964447 7.886281 11.49316 13.92467 9.650923 10.40742 9.461724 11.71642 12.76905 10.73032 9.88946 10.402 9.534289 12.39719 11.07563 9.348965 7.795887 6.661744 6.293421 6.678256 7.895007 8.540334 6.17186 2.852514 1.063432 1.838184 4.440444 5.773679 6.171635 3.15558 3.675974 1.995837 3.322441 9.250762 15.86799 20.1479 24.79176 20.83689 17.76558 20.82055 25.0984 30.09221 33.75251 35.38068 39.89285 37.54752 36.88353 39.71912 38.01819
-9999 -9999 -9999 -9999 -9999 -9999 -9999 -9999 -9999 -9999 -9999 -9999 -9999 -9999 -9999 -9999 -9999 -9999 -9999 -9999 -9999 10.51427 9.202444 8.110765 8.17578 8.65062 10.311 9.949 8.717795 8.827126 8.302264 8.051985 11.01989 10.39145 8.541547 8.53978 8.166788 7.203935 6.537426 6.729344 5.567403 2.475816 0.7827922 0.4642299 1.293692 3.134419 5.403823 6.79662 5.817104 4.354767 3.79795 4.672428 9.189991 16.86782 19.32995 17.52486 21.40534 27.53258 29.86459 31.79922 33.88532 33.97221 34.87971 40.20851 38.94117 38.88633 39.47123 37.20074
-9999 -9999 -9999 -9999 -9999 -9999 -9999 -9999 -9999 -9999 -9999 -9999 -9999 -9999 -9999 -9999 -9999 -9999 -9999 -9999 -9999 -9999 -9999 -9999 -9999 4.625267 4.229722 3.276191 2.271323 2.649604 2.307359 2.746915 5.2505 5.301564 4.477417 5.119499 5.454758 4.596756 3.765271 3.750614 2.628426 0.3919896 0.5293783 1.499457 1.510748 1.223565 3.581498 5.780464 4.821717 3.950851 5.438858 4.498032 7.316924 15.14606 21.66158 23.58527 24.34687 24.15696 24.22856 22.59448 18.6836 18.62876 25.9674 34.93739 36.57764 33.75957 29.8989 28.99258
-9999 -9999 -9999 -9999 -9999 -9999 -9999 -9999 -9999 -9999 -9999 -9999 -9999 -9999 -9999 -9999 -9999 -9999 -9999 -9999 -9999 -9999 -9999 -9999 -9999 -9999 -9999 -9999 -9999 0.8419147 0.4739494 0.6530734 1.209207 1.883196 2.2997 2.710557 3.318405 2.85947 2.022653 2.203803 1.839391 0.2964064 1.092588 1.395223 0.3090067 0.4889455 1.440326 2.416548 3.053083 4.710366 4.840339 4.210668 5.441176 9.923274 15.77117 17.27809 12.35696 7.167886 10.48936 13.46177 12.09671 9.294574 7.945696 17.51838 16.65716 12.21609 13.64848 19.18831
-9999 -9999 -9999 -9999 -9999 -9999 -9999 -9999 -9999 -9999 -9999 -9999 -9999 -9999 -9999 -9999 -9999 -9999 -9999 -9999 -9999 -9999 -9999 -9999 -9999 -9999 -9999 -9999 -9999 -9999 -9999 -9999 0.121054 0.2091673 0.2714769 0.6198913 1.457788 1.726694 1.885238 1.721502 1.136799 0.3928093 0.9543316 1.347775 1.20949 0.8872917 1.755679 2.345124 2.962174 3.787398 3.880599 3.634851 4.253661 4.936829 6.579459 10.65285 12.7772 12.67093 14.62733 18.51022 17.94208 18.3833 22.99207 30.2486 34.74757 36.43115 38.09233 39.81554
-9999 -9999 -9999 -9999 -9999 -9999 -9999 -9999 -9999 -9999 -9999 -9999 -9999 -9999 -9999 -9999 -9999 -9999 -9999 -9999 -9999 -9999 -9999 -9999 -9999 -9999 -9999 -9999 -9999 -9999 -9999 -9999 -9999 -9999 -9999 -9999 -9999 1.109927 1.397562 1.220713 0.4164291 0.4598517 0.4949015 0.49034 0.8261277 1.747334 1.771208 1.981131 2.455123 2.983155 2.933026 2.962237 3.474841 4.682222 11.06317 12.1271 9.649813 10.039 11.26626 15.79465 16.05615 14.6316 19.90751 31.65183 35.5526 33.86943 33.01905 33.7584
-9999 -9999 -9999 -9999 -9999 -9999 -9999 -9999 -9999 -9999 -9999 -9999 -9999 -9999 -9999 -9999 -9999 -9999 -9999 -9999 -9999 -9999 -9999 -9999 -9999 -9999 -9999 -9999 -9999 -9999 -9999 -9999 -9999 -9999 -9999 -9999 -9999 -9999 0.2611877 0.3778252 0.4396031 0.5774238 0.7260214 0.7298167 1.086594 1.721595 1.679515 2.149393 2.317079 2.435966 2.109601 2.528483 2.968487 7.055805 11.18089 11.37963 10.48454 12.39171 13.28324 11.90917 14.62765 21.88152 23.97625 27.3806 26.04905 14.6869 14.94032 22.75233
-9999 -9999 -9999 -9999 -9999 -9999 -9999 -9999 -9999 -9999 -9999 -9999 -9999 -9999 -9999 -9999 -9999 -9999 -9999 -9999 -9999 -9999 -9999 -9999 -9999 -9999 -9999 -9999 -9999 -9999 -9999 -9999 -9999 -9999 -9999 -9999 -9999 -9999 -9999 0.2163906 0.3306569 0.5222634 0.6155533 0.5897653 1.699122 1.778069 1.302727 1.954973 2.06398 1.830526 1.424329 2.551505 3.681965 7.808247 8.702117 11.8463 14.88286 14.99811 11.38919 7.732127 14.1778 23.37995 26.98571 30.74375 31.8541 27.81243 27.52152 30.80654
-9999 -9999 -9999 -9999 -9999 -9999 -9999 -9999 -9999 -9999 -9999 -9999 -9999 -9999 -9999 -9999 -9999 -9999 -9999 -9999 -9999 -9999 -9999 -9999 -9999 -9999 -9999 -9999 -9999 -9999 -9999 -9999 -9999 -9999 -9999 -9999 -9999 -9999 -9999 -9999 0.09667499 0.1674448 0.1680306 0.7319512 1.82383 1.690284 1.390549 1.854428 1.833588 1.623587 1.912747 2.903589 3.80851 7.723313 6.707493 11.98952 18.89414 15.8638 11.77474 13.29562 14.415 22.49343 24.54048 25.72721 27.91483 28.82734 28.80307 31.0215
-9999 -9999 -9999 -9999 -9999 -9999 -9999 -9999 -9999 -9999 -9999 -9999 -9999 -9999 -9999 -9999 -9999 -9999 -9999 -9999 -9999 -9999 -9999 -9999 -9999 -9999 -9999 -9999 -9999 -9999 -9999 -9999 -9999 -9999 -9999 -9999 -9999 -9999 -9999 -9999 -9999 -9999 -9999 0.5448899 1.077161 1.632139 2.048241 2.486049 2.31789 2.732737 2.894361 2.898293 2.415261 5.378283 6.193963 11.24382 18.36901 18.60752 13.90144 15.74944 19.21589 27.671 29.08197 24.09019 23.37644 23.68293 26.20977 30.63279
