components/klab.component.landcover/etc/demofiles/sc1gr10.fil
ncols         128
nrows         108
xllcorner     436000
yllcorner     1356000
cellsize      250
NODATA_value  -9999
[rows 0 to 31 of 108, columns 0 to 71 of 128]
-9999 -9999 -9999 -9999 -9999 -9999 -9999 -9999 -9999 -9999 -9999 -9999 -9999 -9999 -9999 -9999 -9999 -9999 -9999 -9999 -9999 -9999 -9999 -9999 -9999 -9999 -9999 -9999 -9999 -9999 -9999 -9999 -9999 -9999 -9999 -9999 -9999 -9999 -9999 -9999 -9999 -9999 -9999 -9999 -9999 -9999 -9999 -9999 -9999 -9999 -9999 -9999 -9999 -9999 -9999 -9999 -9999 -9999 -9999 -9999 -9999 -9999 -9999 -9999 -9999 -9999 -9999 -9999 -9999 -9999 -9999 -9999
-9999 -9999 -9999 -9999 -9999 -9999 -9999 -9999 -9999 -9999 -9999 -9999 -9999 -9999 -9999 -9999 -9999 -9999 -9999 -9999 -9999 -9999 -9999 -9999 -9999 -9999 -9999 -9999 -9999 -9999 -9999 -9999 -9999 -9999 -9999 -9999 -9999 -9999 -9999 -9999 -9999 -9999 -9999 -9999 -9999 -9999 -9999 -9999 -9999 -9999 -9999 -9999 -9999 -9999 -9999 -9999 -9999 -9999 -9999 -9999 -9999 -9999 -9999 -9999 -9999 -9999 -9999 -9999 -9999 -9999 -9999 -9999
-9999 -9999 -9999 -9999 -9999 -9999 -9999 -9999 -9999 -9999 -9999 -9999 -9999 -9999 -9999 -9999 -9999 -9999 -9999 -9999 -9999 -9999 -9999 -9999 -9999 -9999 -9999 -9999 -9999 -9999 -9999 -9999 -9999 -9999 -9999 -9999 -9999 -9999 -9999 -9999 -9999 -9999 -9999 -9999 -9999 -9999 -9999 -9999 -9999 -9999 -9999 -9999 -9999 250 250 250 250 250 250 -9999 -9999 -9999 -9999 -9999 -9999 -9999 -9999 -9999 -9999 -9999 -9999 -9999
-9999 -9999 -9999 -9999 -9999 -9999 -9999 -9999 -9999 -9999 -9999 -9999 -9999 -9999 -9999 -9999 -9999 -9999 -9999 -9999 -9999 -9999 -9999 -9999 -9999 -9999 -9999 -9999 -9999 -9999 -9999 -9999 -9999 -9999 -9999 -9999 -9999 -9999 -9999 -9999 -9999 -9999 -9999 -9999 -9999 -9999 -9999 -9999 -9999 -9999 -9999 -9999 0 0 0 0 0 0 0 0 250 -9999 -9999 -9999 -9999 -9999 -9999 -9999 -9999 -9999 -9999 -9999
-9999 -9999 -9999 -9999 -9999 -9999 -9999 -9999 -9999 -9999 -9999 -9999 -9999 -9999 -9999 -9999 -9999 -9999 -9999 -9999 -9999 -9999 -9999 -9999 -9999 -9999 -9999 -9999 -9999 -9999 -9999 -9999 -9999 -9999 -9999 -9999 -9999 -9999 -9999 -9999 -9999 -9999 -9999 -9999 -9999 -9999 -9999 -9999 -9999 -9999 353.5534 250 0 250 250 250 250 250 250 0 0 250 -9999 -9999 -9999 0 -9999 -9999 -9999 -9999 -9999 -9999
-9999 -9999 -9999 -9999 -9999 -9999 -9999 -9999 -9999 -9999 -9999 -9999 -9999 -9999 -9999 -9999 -9999 -9999 -9999 -9999 -9999 -9999 -9999 -9999 -9999 -9999 -9999 -9999 -9999 -9999 -9999 -9999 -9999 -9999 500 353.5534 -9999 -9999 -9999 -9999 -9999 -9999 -9999 -9999 -9999 -9999 -9999 -9999 -9999 353.5534 250 0 0 250 500 500 500 500 353.5534 250 0 0 0 0 0 0 0 0 -9999 -9999 -9999 -9999
-9999 -9999 -9999 -9999 -9999 -9999 -9999 -9999 -9999 -9999 -9999 -9999 -9999 -9999 -9999 -9999 -9999 -9999 -9999 -9999 -9999 -9999 -9999 -9999 -9999 -9999 -9999 -9999 -9999 -9999 -9999 250 250 -9999 250 250 0 0 0 0 0 0 250 -9999 -9999 -9999 250 250 250 250 0 0 250 353.5534 559.017 750 750 707.1068 559.017 353.5534 250 250 0 0 250 250 250 250 0 0 0 0
-9999 -9999 -9999 -9999 -9999 -9999 -9999 -9999 -9999 -9999 -9999 -9999 -9999 -9999 -9999 -9999 -9999 -9999 -9999 -9999 -9999 -9999 -9999 -9999 -9999 -9999 -9999 -9999 -9999 -9999 0 0 0 0 0 0 0 0 250 250 250 0 0 0 0 0 0 0 0 0 0 250 353.5534 559.017 707.1068 901.3878 1000 901.3878 707.1068 559.017 500 250 0 250 353.5534 500 500 353.5534 250 250 250 250
-9999 -9999 -9999 -9999 -9999 -9999 -9999 -9999 -9999 -9999 -9999 -9999 -9999 -9999 -9999 -9999 -9999 -9999 -9999 -9999 -9999 -9999 -9999 -9999 -9999 -9999 250 -9999 -9999 250 0 250 250 250 250 250 250 0 250 500 353.5534 250 250 0 0 0 0 0 0 250 0 250 500 707.1068 901.3878 1060.66 1250 1060.66 901.3878 750 500 250 0 250 500 707.1068 707.1068 559.017 500 500 500 500
-9999 -9999 -9999 -9999 -9999 -9999 -9999 -9999 -9999 -9999 -9999 -9999 -9999 -9999 -9999 -9999 -9999 -9999 -9999 -9999 -9999 -9999 -9999 -9999 -9999 -9999 0 0 0 0 0 250 500 500 500 353.5534 250 0 250 500 559.017 500 250 0 250 250 250 250 250 250 0 250 500 750 1000 1250 1414.214 1250 1000 750 500 250 0 250 500 750 901.3878 790.5694 750 750 750 750
-9999 -9999 -9999 -9999 -9999 -9999 -9999 -9999 -9999 -9999 -9999 -9999 -9999 -9999 -9999 -9999 -9999 -9999 -9999 -9999 -9999 0 -9999 -9999 -9999 0 0 250 250 250 250 353.5534 559.017 750 500 250 0 0 250 500 500 500 250 0 0 250 500 500 500 250 0 250 500 707.1068 901.3878 1060.66 1250 1274.755 1030.776 790.5694 559.017 353.5534 250 353.5534 559.017 790.5694 1030.776 1030.776 1000 1000 1000 1000
-9999 -9999 -9999 -9999 -9999 -9999 -9999 -9999 -9999 -9999 -9999 -9999 -9999 -9999 -9999 -9999 -9999 -9999 -9999 -9999 0 0 0 0 0 0 250 353.5534 500 500 500 559.017 707.1068 750 500 250 0 250 353.5534 353.5534 250 250 250 250 0 250 353.5534 559.017 500 250 0 250 353.5534 559.017 707.1068 901.3878 1118.034 1346.291 1118.034 901.3878 707.1068 559.017 500 559.017 707.1068 901.3878 1118.034 1274.755 1250 1250 1250 1250
-9999 -9999 -9999 -9999 -9999 -9999 -9999 -9999 -9999 -9999 -9999 -9999 -9999 -9999 -9999 -9999 -9999 -9999 -9999 0 250 250 0 0 0 0 0 250 500 750 750 790.5694 901.3878 707.1068 500 250 0 250 250 250 0 0 0 0 0 0 250 500 500 250 0 0 250 353.5534 559.017 790.5694 1030.776 1250 1250 1060.66 901.3878 790.5694 750 790.5694 901.3878 1060.66 1250 1457.738 1500 1500 1500 1457.738
-9999 -9999 -9999 -9999 -9999 -9999 -9999 -9999 -9999 -9999 -9999 -9999 -9999 -9999 -9999 -9999 -9999 -9999 0 250 250 0 0 250 250 250 0 250 500 750 901.3878 790.5694 707.1068 559.017 353.5534 250 0 0 0 0 0 250 250 250 250 0 250 500 559.017 353.5534 250 0 0 250 500 707.1068 901.3878 1060.66 1250 1250 1118.034 1030.776 1000 1030.776 1118.034 1250 1414.214 1600.781 1750 1750 1750 1677.051
-9999 -9999 -9999 -9999 -9999 -9999 -9999 -9999 -9999 -9999 -9999 -9999 -9999 -9999 -9999 -9999 -9999 0 250 353.5534 353.5534 250 250 353.5534 500 250 0 250 500 750 707.1068 559.017 500 353.5534 250 0 0 250 250 250 250 353.5534 500 500 250 0 250 353.5534 559.017 559.017 353.5534 250 0 250 353.5534 559.017 707.1068 901.3878 1060.66 1250 1346.291 1274.755 1250 1274.755 1346.291 1457.738 1600.781 1767.767 1952.562 2000 2000 1903.943
-9999 -9999 -9999 -9999 -9999 -9999 -9999 -9999 -9999 -9999 -9999 -9999 -9999 -9999 -9999 -9999 0 250 353.5534 559.017 559.017 500 500 559.017 500 250 0 250 500 500 500 353.5534 250 250 0 0 250 353.5534 500 500 500 559.017 707.1068 500 250 0 0 250 500 707.1068 500 250 0 0 250 353.5534 559.017 707.1068 901.3878 1118.034 1346.291 1520.691 1500 1520.691 1581.139 1677.051 1802.776 1952.562 2121.32 2250 2236.068 2136.001
-9999 -9999 -9999 -9999 -9999 -9999 -9999 -9999 -9999 -9999 -9999 -9999 -9999 -9999 -9999 -9999 0 250 500 707.1068 790.5694 750 750 750 500 250 0 250 250 250 250 250 0 0 0 250 353.5534 559.017 707.1068 750 750 790.5694 790.5694 559.017 353.5534 250 0 250 500 750 559.017 353.5534 250 0 0 250 353.5534 559.017 790.5694 1030.776 1274.755 1520.691 1750 1767.767 1820.027 1903.943 2015.564 2150.581 2304.886 2474.874 2462.214 2371.708
-9999 -9999 -9999 -9999 -9999 -9999 -9999 -9999 -9999 -9999 -9999 -9999 -9999 -9999 -9999 0 250 353.5534 559.017 790.5694 1030.776 1000 1000 750 500 250 0 0 0 0 0 0 0 250 250 353.5534 559.017 707.1068 901.3878 1000 1000 1030.776 901.3878 707.1068 500 250 0 250 500 750 707.1068 559.017 353.5534 250 0 0 250 500 750 1000 1250 1500 1750 2000 2061.553 2136.001 2236.068 2358.495 2500 2657.536 2692.583 2610.077
-9999 -9999 -9999 -9999 -9999 -9999 -9999 -9999 -9999 -9999 -9999 -9999 -9999 -9999 -9999 0 250 500 707.1068 901.3878 1118.034 1250 1030.776 790.5694 559.017 353.5534 250 250 250 250 250 250 250 353.5534 500 559.017 707.1068 901.3878 1060.66 1250 1250 1250 1000 750 500 250 0 250 500 750 901.3878 707.1068 559.017 353.5534 250 250 353.5534 559.017 790.5694 1030.776 1274.755 1520.691 1767.767 2015.564 2263.846 2371.708 2462.214 2573.907 2704.164 2850.438 2926.175 2850.438
-9999 -9999 -9999 -9999 -9999 -9999 -9999 -9999 -9999 -9999 -9999 -9999 -9999 -9999 0 250 353.5534 559.017 790.5694 1030.776 1250 1346.291 1118.034 901.3878 707.1068 559.017 500 500 500 500 500 500 500 559.017 707.1068 790.5694 901.3878 1060.66 1250 1414.214 1500 1250 1000 750 500 250 0 250 500 707.1068 901.3878 901.3878 707.1068 559.017 500 500 559.017 707.1068 901.3878 1118.034 1346.291 1581.139 1820.027 2061.553 2304.886 2549.51 2692.583 2795.085 2915.476 3051.639 3162.278 3092.329
-9999 -9999 -9999 -9999 -9999 -9999 -9999 -9999 -9999 -9999 -9999 250 0 0 250 353.5534 559.017 707.1068 901.3878 1118.034 1346.291 1457.738 1250 1060.66 901.3878 790.5694 750 750 750 750 750 750 750 790.5694 901.3878 1030.776 1118.034 1250 1414.214 1600.781 1500 1250 1000 750 500 250 0 250 353.5534 559.017 790.5694 1030.776 901.3878 790.5694 750 750 790.5694 901.3878 1060.66 1250 1457.738 1677.051 1903.943 2136.001 2371.708 2610.077 2850.438 3020.761 3132.491 3259.601 3400.368 3335.416
-9999 -9999 -9999 -9999 -9999 -9999 -9999 -9999 -9999 250 0 0 0 250 353.5534 559.017 707.1068 901.3878 1060.66 1250 1457.738 1600.781 1414.214 1250 1118.034 1030.776 1000 1000 1000 1000 1000 1000 1000 1030.776 1118.034 1250 1346.291 1457.738 1600.781 1750 1500 1250 1000 750 500 250 0 0 250 500 750 1000 1118.034 1030.776 1000 1000 1030.776 1118.034 1250 1414.214 1600.781 1802.776 2015.564 2236.068 2462.214 2692.583 2926.175 3162.278 3354.102 3473.111 3605.551 3579.455
-9999 -9999 -9999 -9999 -9999 -9999 -9999 -9999 0 0 0 250 250 353.5534 559.017 707.1068 901.3878 1060.66 1250 1414.214 1600.781 1767.767 1600.781 1457.738 1346.291 1274.755 1250 1250 1250 1250 1250 1250 1250 1274.755 1346.291 1457.738 1581.139 1677.051 1802.776 1767.767 1520.691 1274.755 1030.776 790.5694 559.017 353.5534 250 0 250 500 750 1000 1250 1274.755 1250 1250 1274.755 1346.291 1457.738 1600.781 1767.767 1952.562 2150.581 2358.495 2573.907 2795.085 3020.761 3250 3482.097 3691.206 3816.084 3807.886
-9999 -9999 -9999 -9999 -9999 -9999 -9999 0 0 250 250 353.5534 500 559.017 707.1068 901.3878 1060.66 1250 1414.214 1600.781 1767.767 1952.562 1802.776 1677.051 1581.139 1520.691 1500 1500 1500 1500 1500 1500 1500 1520.691 1581.139 1677.051 1802.776 1903.943 2015.564 1820.027 1581.139 1346.291 1118.034 901.3878 707.1068 500 250 0 250 500 707.1068 901.3878 1118.034 1346.291 1500 1500 1520.691 1581.139 1677.051 1802.776 1952.562 2121.32 2304.886 2500 2704.164 2915.476 3132.491 3354.102 3579.455 3807.886 4031.129 4038.874
-9999 -9999 -9999 -9999 -9999 -9999 -9999 0 250 353.5534 500 559.017 707.1068 790.5694 901.3878 1060.66 1250 1414.214 1600.781 1767.767 1952.562 2121.32 2015.564 1903.943 1820.027 1767.767 1750 1750 1750 1750 1750 1750 1750 1767.767 1820.027 1903.943 2015.564 2136.001 2136.001 1903.943 1677.051 1457.738 1250 1000 750 500 250 0 250 353.5534 559.017 790.5694 1030.776 1274.755 1520.691 1750 1767.767 1820.027 1903.943 2015.564 2150.581 2304.886 2474.874 2657.536 2850.438 3051.639 3259.601 3473.111 3691.206 3913.119 4138.236 4272.002
-9999 -9999 -9999 -9999 -9999 -9999 -9999 250 353.5534 559.017 707.1068 790.5694 901.3878 1030.776 1118.034 1250 1414.214 1600.781 1767.767 1952.562 2121.32 2304.886 2236.068 2136.001 2061.553 2015.564 2000 2000 2000 2000 2000 2000 2000 2015.564 2061.553 2136.001 2236.068 2358.495 2236.068 2000 1750 1500 1250 1000 750 500 250 0 0 250 500 750 1000 1250 1500 1750 2000 2061.553 2136.001 2236.068 2358.495 2500 2657.536 2828.427 3010.399 3201.562 3400.368 3605.551 3816.084 4031.129 4250 4472.136
-9999 -9999 -9999 -9999 -9999 -9999 -9999 353.5534 559.017 707.1068 901.3878 1030.776 1118.034 1250 1346.291 1457.738 1600.781 1767.767 1952.562 2121.32 2304.886 2474.874 2462.214 2371.708 2304.886 2263.846 2250 2250 2250 2250 2250 2250 2250 2263.846 2304.886 2371.708 2462.214 2512.469 2263.846 2015.564 1767.767 1520.691 1274.755 1030.776 790.5694 559.017 353.5534 250 0 250 500 750 1000 1250 1500 1750 2000 2250 2371.708 2462.214 2573.907 2704.164 2850.438 3010.399 3181.98 3363.406 3553.167 3750 3952.847 4160.829 4373.214 4589.39
-9999 -9999 -9999 -9999 -9999 -9999 0 250 500 750 1000 1250 1346.291 1457.738 1581.139 1677.051 1802.776 1952.562 2121.32 2304.886 2474.874 2657.536 2692.583 2610.077 2549.51 2512.469 2500 2500 2500 2500 2500 2500 2500 2512.469 2549.51 2610.077 2692.583 2549.51 2304.886 2061.553 1820.027 1581.139 1346.291 1118.034 901.3878 707.1068 500 250 0 250 500 750 1000 1250 1500 1750 2000 2250 2500 2692.583 2795.085 2915.476 3051.639 3201.562 3363.406 3535.534 3716.517 3905.125 4100.305 4301.163 4506.939 4716.991
-9999 -9999 -9999 -9999 -9999 250 0 250 500 750 1000 1250 1500 1677.051 1802.776 1903.943 2015.564 2150.581 2304.886 2474.874 2657.536 2828.427 2926.175 2850.438 2795.085 2761.34 2750 2750 2750 2750 2750 2750 2750 2761.34 2795.085 2850.438 2850.438 2610.077 2371.708 2136.001 1903.943 1677.051 1457.738 1250 1000 750 500 250 0 250 500 750 1000 1250 1500 1750 2000 2250 2500 2750 3000 3132.491 3259.601 3400.368 3553.167 3716.517 3889.087 4069.705 4257.347 4451.124 4650.269 4854.122
-9999 -9999 -9999 -9999 -9999 250 0 250 500 750 1000 1250 1500 1750 2000 2136.001 2236.068 2358.495 2500 2657.536 2828.427 3010.399 3162.278 3092.329 3041.381 3010.399 3000 3000 3000 3000 3000 3000 3000 3010.399 3041.381 3041.381 2795.085 2549.51 2304.886 2061.553 1820.027 1581.139 1346.291 1118.034 901.3878 707.1068 500 250 0 250 500 750 1000 1250 1500 1750 2000 2250 2500 2750 3000 3250 3473.111 3605.551 3750 3905.125 4069.705 4242.641 4422.952 4609.772 4802.343 5000
-9999 -9999 -9999 -9999 -9999 0 0 250 500 750 1000 1250 1500 1750 2000 2250 2462.214 2573.907 2704.164 2850.438 3010.399 3181.98 3363.406 3335.416 3288.237 3259.601 3250 3250 3250 3250 3250 3250 3250 3259.601 3250 3010.399 2761.34 2512.469 2263.846 2015.564 1767.767 1520.691 1274.755 1030.776 790.5694 559.017 353.5534 250 0 250 500 750 1000 1250 1500 1750 2000 2250 2500 2750 3000 3250 3500 3750 3952.847 4100.305 4257.347 4422.952 4596.194 4776.243 4962.358 5153.882
-9999 -9999 -9999 -9999 -9999 0 250 353.5534 559.017 790.5694 1030.776 1274.755 1520.691 1767.767 2015.564 2263.846 2512.469 2761.34 2915.476 3051.639 3201.562 3363.406 3535.534 3579.455 3535.534 3508.917 3500 3500 3500 3500 3500 3500 3500 3400.368 3162.278 2926.175 2692.583 2462.214 2236.068 2000 1750 1500 1250 1000 750 500 250 0 0 250 500 750 1000 1250 1500 1750 2000 2250 2500 2750 3000 3250 3500 3750 4000 4250 4451.124 4609.772 4776.243 4949.748 5129.571 5315.073
