components/klab.component.landcover/etc/demofiles/sc1gr0.fil
ncols         128
nrows         108
xllcorner     436000
yllcorner     1356000
cellsize      250
NODATA_value  -9999
[rows 0 to 30 of 108, columns 0 to 70 of 128]
-9999 -9999 -9999 -9999 -9999 -9999 -9999 -9999 -9999 -9999 -9999 -9999 -9999 -9999 -9999 -9999 -9999 -9999 -9999 -9999 -9999 -9999 -9999 -9999 -9999 -9999 -9999 -9999 -9999 -9999 -9999 -9999 -9999 -9999 -9999 -9999 -9999 -9999 -9999 -9999 -9999 -9999 -9999 -9999 -9999 -9999 -9999 -9999 -9999 -9999 -9999 -9999 -9999 -9999 -9999 -9999 -9999 -9999 -9999 -9999 -9999 -9999 -9999 -9999 -9999 -9999 -9999 -9999 -9999 -9999 -9999
-9999 -9999 -9999 -9999 -9999 -9999 -9999 -9999 -9999 -9999 -9999 -9999 -9999 -9999 -9999 -9999 -9999 -9999 -9999 -9999 -9999 -9999 -9999 -9999 -9999 -9999 -9999 -9999 -9999 -9999 -9999 -9999 -9999 -9999 -9999 -9999 -9999 -9999 -9999 -9999 -9999 -9999 -9999 -9999 -9999 -9999 -9999 -9999 -9999 -9999 -9999 -9999 -9999 -9999 -9999 -9999 -9999 -9999 -9999 -9999 -9999 -9999 -9999 -9999 -9999 -9999 -9999 -9999 -9999 -9999 -9999
-9999 -9999 -9999 -9999 -9999 -9999 -9999 -9999 -9999 -9999 -9999 -9999 -9999 -9999 -9999 -9999 -9999 -9999 -9999 -9999 -9999 -9999 -9999 -9999 -9999 -9999 -9999 -9999 -9999 -9999 -9999 -9999 -9999 -9999 -9999 -9999 -9999 -9999 -9999 -9999 -9999 -9999 -9999 -9999 -9999 -9999 -9999 -9999 -9999 -9999 -9999 -9999 -9999 0 0 0 0 250 0 -9999 -9999 -9999 -9999 -9999 -9999 -9999 -9999 -9999 -9999 -9999 -9999
-9999 -9999 -9999 -9999 -9999 -9999 -9999 -9999 -9999 -9999 -9999 -9999 -9999 -9999 -9999 -9999 -9999 -9999 -9999 -9999 -9999 -9999 -9999 -9999 -9999 -9999 -9999 -9999 -9999 -9999 -9999 -9999 -9999 -9999 -9999 -9999 -9999 -9999 -9999 -9999 -9999 -9999 -9999 -9999 -9999 -9999 -9999 -9999 -9999 -9999 -9999 -9999 0 250 250 250 250 353.5534 250 0 0 -9999 -9999 -9999 -9999 -9999 -9999 -9999 -9999 -9999 -9999
-9999 -9999 -9999 -9999 -9999 -9999 -9999 -9999 -9999 -9999 -9999 -9999 -9999 -9999 -9999 -9999 -9999 -9999 -9999 -9999 -9999 -9999 -9999 -9999 -9999 -9999 -9999 -9999 -9999 -9999 -9999 -9999 -9999 -9999 -9999 -9999 -9999 -9999 -9999 -9999 -9999 -9999 -9999 -9999 -9999 -9999 -9999 -9999 -9999 -9999 0 0 250 353.5534 500 500 500 559.017 353.5534 250 250 0 -9999 -9999 -9999 0 -9999 -9999 -9999 -9999 -9999
-9999 -9999 -9999 -9999 -9999 -9999 -9999 -9999 -9999 -9999 -9999 -9999 -9999 -9999 -9999 -9999 -9999 -9999 -9999 -9999 -9999 -9999 -9999 -9999 -9999 -9999 -9999 -9999 -9999 -9999 -9999 -9999 -9999 -9999 0 0 -9999 -9999 -9999 -9999 -9999 -9999 -9999 -9999 -9999 -9999 -9999 -9999 -9999 0 250 250 353.5534 559.017 707.1068 750 750 707.1068 559.017 500 353.5534 250 353.5534 559.017 353.5534 250 250 0 -9999 -9999 -9999
-9999 -9999 -9999 -9999 -9999 -9999 -9999 -9999 -9999 -9999 -9999 -9999 -9999 -9999 -9999 -9999 -9999 -9999 -9999 -9999 -9999 -9999 -9999 -9999 -9999 -9999 -9999 -9999 -9999 -9999 -9999 0 0 -9999 250 0 0 250 500 250 0 0 0 -9999 -9999 -9999 0 0 0 250 353.5534 500 559.017 707.1068 901.3878 1000 1000 901.3878 790.5694 707.1068 559.017 500 559.017 707.1068 559.017 500 353.5534 250 250 0 0
-9999 -9999 -9999 -9999 -9999 -9999 -9999 -9999 -9999 -9999 -9999 -9999 -9999 -9999 -9999 -9999 -9999 -9999 -9999 -9999 -9999 -9999 -9999 -9999 -9999 -9999 -9999 -9999 -9999 -9999 0 250 250 0 250 250 250 353.5534 559.017 353.5534 250 250 250 353.5534 559.017 353.5534 250 250 250 353.5534 559.017 707.1068 790.5694 901.3878 1060.66 1250 1250 1118.034 1030.776 901.3878 790.5694 750 790.5694 901.3878 790.5694 707.1068 559.017 500 353.5534 250 250
-9999 -9999 -9999 -9999 -9999 -9999 -9999 -9999 -9999 -9999 -9999 -9999 -9999 -9999 -9999 -9999 -9999 -9999 -9999 -9999 -9999 -9999 -9999 -9999 -9999 -9999 0 -9999 -9999 0 250 353.5534 353.5534 250 353.5534 500 500 559.017 707.1068 559.017 500 500 500 559.017 707.1068 559.017 500 500 500 559.017 707.1068 901.3878 1030.776 1118.034 1250 1414.214 1457.738 1346.291 1250 1118.034 1030.776 1000 1030.776 1118.034 1030.776 901.3878 790.5694 707.1068 559.017 500 500
-9999 -9999 -9999 -9999 -9999 -9999 -9999 -9999 -9999 -9999 -9999 -9999 -9999 -9999 -9999 -9999 -9999 -9999 -9999 -9999 -9999 -9999 -9999 -9999 -9999 -9999 250 0 0 0 250 500 559.017 500 559.017 707.1068 750 790.5694 901.3878 790.5694 750 750 750 790.5694 901.3878 790.5694 750 750 750 790.5694 901.3878 1060.66 1250 1346.291 1457.738 1600.781 1677.051 1581.139 1457.738 1346.291 1274.755 1250 1274.755 1346.291 1250 1118.034 1030.776 901.3878 790.5694 750 750
-9999 -9999 -9999 -9999 -9999 -9999 -9999 -9999 -9999 -9999 -9999 -9999 -9999 -9999 -9999 -9999 -9999 -9999 -9999 -9999 -9999 0 -9999 -9999 -9999 0 250 250 250 250 353.5534 559.017 790.5694 750 790.5694 901.3878 1000 1030.776 1118.034 1030.776 1000 1000 1000 1030.776 1118.034 1030.776 1000 1000 1000 1030.776 1118.034 1250 1414.214 1581.139 1677.051 1802.776 1903.943 1802.776 1677.051 1581.139 1520.691 1500 1520.691 1581.139 1457.738 1346.291 1250 1118.034 1030.776 1000 1000
-9999 -9999 -9999 -9999 -9999 -9999 -9999 -9999 -9999 -9999 -9999 -9999 -9999 -9999 -9999 -9999 -9999 -9999 -9999 -9999 0 250 250 0 0 250 353.5534 500 500 500 559.017 707.1068 901.3878 1000 1030.776 1118.034 1250 1274.755 1346.291 1274.755 1250 1250 1250 1274.755 1346.291 1274.755 1250 1250 1250 1274.755 1346.291 1457.738 1600.781 1767.767 1903.943 2015.564 2136.001 2015.564 1903.943 1820.027 1767.767 1750 1767.767 1802.776 1677.051 1581.139 1457.738 1346.291 1274.755 1250 1250
-9999 -9999 -9999 -9999 -9999 -9999 -9999 -9999 -9999 -9999 -9999 -9999 -9999 -9999 -9999 -9999 -9999 -9999 -9999 0 250 353.5534 353.5534 250 250 353.5534 559.017 707.1068 750 750 790.5694 901.3878 1060.66 1250 1274.755 1346.291 1457.738 1520.691 1581.139 1520.691 1500 1500 1500 1520.691 1581.139 1520.691 1500 1500 1500 1520.691 1581.139 1677.051 1802.776 1952.562 2121.32 2236.068 2358.495 2236.068 2136.001 2061.553 2015.564 2000 2015.564 2015.564 1903.943 1802.776 1677.051 1581.139 1520.691 1500 1500
-9999 -9999 -9999 -9999 -9999 -9999 -9999 -9999 -9999 -9999 -9999 -9999 -9999 -9999 -9999 -9999 -9999 -9999 0 250 353.5534 559.017 559.017 500 500 559.017 707.1068 901.3878 1000 1000 1030.776 1118.034 1250 1414.214 1520.691 1581.139 1677.051 1767.767 1820.027 1767.767 1750 1750 1750 1767.767 1820.027 1767.767 1750 1750 1750 1767.767 1820.027 1903.943 2015.564 2150.581 2304.886 2462.214 2573.907 2462.214 2371.708 2304.886 2263.846 2250 2263.846 2236.068 2136.001 2015.564 1903.943 1820.027 1767.767 1750 1750
-9999 -9999 -9999 -9999 -9999 -9999 -9999 -9999 -9999 -9999 -9999 -9999 -9999 -9999 -9999 -9999 -9999 0 250 353.5534 559.017 707.1068 790.5694 750 750 790.5694 901.3878 1060.66 1250 1250 1274.755 1346.291 1457.738 1600.781 1767.767 1820.027 1903.943 2015.564 2061.553 2015.564 2000 2000 2000 2015.564 2061.553 2015.564 2000 2000 2000 2015.564 2061.553 2136.001 2236.068 2358.495 2500 2657.536 2795.085 2692.583 2610.077 2549.51 2512.469 2500 2512.469 2462.214 2358.495 2236.068 2136.001 2061.553 2015.564 2000 2000
-9999 -9999 -9999 -9999 -9999 -9999 -9999 -9999 -9999 -9999 -9999 -9999 -9999 -9999 -9999 -9999 0 250 353.5534 559.017 707.1068 901.3878 1030.776 1000 1000 1030.776 1118.034 1250 1414.214 1500 1520.691 1581.139 1677.051 1802.776 1952.562 2061.553 2136.001 2236.068 2304.886 2263.846 2250 2250 2250 2263.846 2304.886 2263.846 2250 2250 2250 2263.846 2304.886 2371.708 2462.214 2573.907 2704.164 2850.438 3010.399 2926.175 2850.438 2795.085 2761.34 2750 2761.34 2692.583 2573.907 2462.214 2371.708 2304.886 2263.846 2250 2236.068
-9999 -9999 -9999 -9999 -9999 -9999 -9999 -9999 -9999 -9999 -9999 -9999 -9999 -9999 -9999 -9999 0 250 500 707.1068 901.3878 1060.66 1250 1250 1250 1274.755 1346.291 1457.738 1600.781 1750 1767.767 1820.027 1903.943 2015.564 2150.581 2304.886 2371.708 2462.214 2549.51 2512.469 2500 2500 2500 2512.469 2549.51 2512.469 2500 2500 2500 2512.469 2549.51 2610.077 2692.583 2795.085 2915.476 3051.639 3201.562 3162.278 3092.329 3041.381 3010.399 3000 3010.399 2915.476 2795.085 2692.583 2610.077 2549.51 2512.469 2500 2462.214
-9999 -9999 -9999 -9999 -9999 -9999 -9999 -9999 -9999 -9999 -9999 -9999 -9999 -9999 -9999 0 250 353.5534 559.017 790.5694 1030.776 1250 1414.214 1500 1500 1520.691 1581.139 1677.051 1802.776 1952.562 2015.564 2061.553 2136.001 2236.068 2358.495 2500 2610.077 2692.583 2795.085 2761.34 2750 2750 2750 2761.34 2795.085 2761.34 2750 2750 2750 2761.34 2795.085 2850.438 2926.175 3020.761 3132.491 3259.601 3400.368 3400.368 3335.416 3288.237 3259.601 3250 3259.601 3132.491 3020.761 2926.175 2850.438 2795.085 2761.34 2750 2692.583
-9999 -9999 -9999 -9999 -9999 -9999 -9999 -9999 -9999 -9999 -9999 -9999 -9999 -9999 -9999 0 250 500 707.1068 901.3878 1118.034 1346.291 1581.139 1750 1750 1767.767 1820.027 1903.943 2015.564 2150.581 2263.846 2304.886 2371.708 2462.214 2573.907 2704.164 2850.438 2926.175 3020.761 3010.399 3000 3000 3000 3010.399 3041.381 3010.399 3000 3000 3000 3010.399 3041.381 3092.329 3162.278 3250 3354.102 3473.111 3605.551 3640.055 3579.455 3535.534 3508.917 3500 3473.111 3354.102 3250 3162.278 3092.329 3041.381 3010.399 3000 2926.175
-9999 -9999 -9999 -9999 -9999 -9999 -9999 -9999 -9999 -9999 -9999 -9999 -9999 -9999 0 250 353.5534 559.017 790.5694 1030.776 1250 1457.738 1677.051 1903.943 2000 2015.564 2061.553 2136.001 2236.068 2358.495 2500 2549.51 2610.077 2692.583 2795.085 2915.476 3051.639 3162.278 3250 3259.601 3250 3250 3250 3259.601 3288.237 3259.601 3250 3250 3250 3259.601 3288.237 3335.416 3400.368 3482.097 3579.455 3691.206 3816.084 3881.044 3824.265 3783.187 3758.324 3750 3691.206 3579.455 3482.097 3400.368 3335.416 3288.237 3259.601 3250 3162.278
-9999 -9999 -9999 -9999 -9999 -9999 -9999 -9999 -9999 -9999 -9999 0 0 0 250 353.5534 559.017 707.1068 901.3878 1118.034 1346.291 1581.139 1802.776 2015.564 2236.068 2263.846 2304.886 2371.708 2462.214 2573.907 2704.164 2795.085 2850.438 2926.175 3020.761 3132.491 3259.601 3400.368 3482.097 3508.917 3500 3500 3500 3508.917 3535.534 3508.917 3500 3500 3500 3508.917 3535.534 3579.455 3640.055 3716.517 3807.886 3913.119 4031.129 4123.105 4069.705 4031.129 4007.805 4000 3913.119 3807.886 3716.517 3640.055 3579.455 3535.534 3508.917 3482.097 3400.368
-9999 -9999 -9999 -9999 -9999 -9999 -9999 -9999 -9999 0 250 250 250 250 353.5534 559.017 707.1068 901.3878 1060.66 1250 1457.738 1677.051 1903.943 2136.001 2358.495 2512.469 2549.51 2610.077 2692.583 2795.085 2915.476 3041.381 3092.329 3162.278 3250 3354.102 3473.111 3605.551 3716.517 3758.324 3750 3750 3750 3758.324 3783.187 3758.324 3750 3750 3750 3758.324 3783.187 3824.265 3881.044 3952.847 4038.874 4138.236 4250 4366.063 4315.669 4279.311 4257.347 4250 4138.236 4038.874 3952.847 3881.044 3824.265 3783.187 3758.324 3716.517 3640.055
-9999 -9999 -9999 -9999 -9999 -9999 -9999 -9999 0 250 353.5534 500 500 500 559.017 707.1068 901.3878 1060.66 1250 1414.214 1600.781 1802.776 2015.564 2236.068 2462.214 2692.583 2795.085 2850.438 2926.175 3020.761 3132.491 3259.601 3335.416 3400.368 3482.097 3579.455 3691.206 3816.084 3952.847 4007.805 4000 4000 4000 4007.805 4031.129 4007.805 4000 4000 4000 4007.805 4031.129 4069.705 4123.105 4190.764 4272.002 4366.063 4472.136 4589.39 4562.072 4527.692 4506.939 4472.136 4366.063 4272.002 4190.764 4123.105 4069.705 4031.129 4007.805 3952.847 3881.044
-9999 -9999 -9999 -9999 -9999 -9999 -9999 0 250 353.5534 559.017 707.1068 750 750 790.5694 901.3878 1060.66 1250 1414.214 1600.781 1767.767 1952.562 2150.581 2358.495 2573.907 2795.085 3020.761 3092.329 3162.278 3250 3354.102 3473.111 3579.455 3640.055 3716.517 3807.886 3913.119 4031.129 4160.829 4257.347 4250 4250 4250 4257.347 4279.311 4257.347 4250 4250 4250 4257.347 4279.311 4315.669 4366.063 4430.011 4506.939 4596.194 4697.074 4808.846 4808.846 4776.243 4756.574 4697.074 4596.194 4506.939 4430.011 4366.063 4315.669 4279.311 4257.347 4190.764 4123.105
-9999 -9999 -9999 -9999 -9999 -9999 -9999 250 353.5534 559.017 707.1068 901.3878 1000 1000 1030.776 1118.034 1250 1414.214 1600.781 1767.767 1952.562 2121.32 2304.886 2500 2704.164 2915.476 3132.491 3335.416 3400.368 3482.097 3579.455 3691.206 3816.084 3881.044 3952.847 4038.874 4138.236 4250 4373.214 4506.939 4500 4500 4500 4506.939 4527.692 4506.939 4500 4500 4500 4506.939 4527.692 4562.072 4609.772 4670.385 4743.417 4828.302 4924.429 5031.153 5055.937 5024.938 5006.246 4924.429 4828.302 4743.417 4670.385 4609.772 4562.072 4527.692 4506.939 4430.011 4366.063
-9999 -9999 -9999 -9999 -9999 -9999 -9999 500 559.017 707.1068 901.3878 1060.66 1250 1250 1274.755 1346.291 1457.738 1600.781 1767.767 1952.562 2121.32 2304.886 2474.874 2657.536 2850.438 3051.639 3259.601 3473.111 3640.055 3716.517 3807.886 3913.119 4031.129 4123.105 4190.764 4272.002 4366.063 4472.136 4589.39 4716.991 4750 4750 4750 4756.574 4776.243 4756.574 4750 4750 4750 4756.574 4776.243 4808.846 4854.122 4911.721 4981.215 5062.114 5153.882 5255.949 5303.301 5273.756 5255.949 5153.882 5062.114 4981.215 4911.721 4854.122 4808.846 4776.243 4743.417 4670.385 4609.772
-9999 -9999 -9999 -9999 -9999 -9999 -9999 353.5534 559.017 790.5694 1030.776 1250 1414.214 1500 1520.691 1581.139 1677.051 1802.776 1952.562 2121.32 2304.886 2474.874 2657.536 2828.427 3010.399 3201.562 3400.368 3605.551 3816.084 3952.847 4038.874 4138.236 4250 4366.063 4430.011 4506.939 4596.194 4697.074 4808.846 4930.771 5000 5000 5000 5006.246 5024.938 5006.246 5000 5000 5000 5006.246 5024.938 5055.937 5099.02 5153.882 5220.153 5297.405 5385.165 5482.928 5550.901 5522.681 5482.928 5385.165 5297.405 5220.153 5153.882 5099.02 5055.937 5024.938 4981.215 4911.721 4854.122
-9999 -9999 -9999 -9999 -9999 -9999 0 250 500 750 1000 1250 1500 1750 1767.767 1820.027 1903.943 2015.564 2150.581 2304.886 2474.874 2657.536 2828.427 3010.399 3181.98 3363.406 3553.167 3750 3952.847 4160.829 4272.002 4366.063 4472.136 4589.39 4670.385 4743.417 4828.302 4924.429 5031.153 5147.815 5250 5250 5250 5255.949 5273.756 5255.949 5250 5250 5250 5255.949 5273.756 5303.301 5344.39 5396.758 5460.083 5533.986 5618.051 5711.83 5798.707 5771.698 5711.83 5618.051 5533.986 5460.083 5396.758 5344.39 5303.301 5273.756 5220.153 5153.882 5099.02
-9999 -9999 -9999 -9999 -9999 0 250 353.5534 559.017 790.5694 1030.776 1274.755 1520.691 1767.767 2015.564 2061.553 2136.001 2236.068 2358.495 2500 2657.536 2828.427 3010.399 3181.98 3363.406 3535.534 3716.517 3905.125 4100.305 4301.163 4506.939 4596.194 4697.074 4808.846 4911.721 4981.215 5062.114 5153.882 5255.949 5367.728 5488.625 5500 5500 5505.679 5522.681 5505.679 5500 5500 5500 5505.679 5522.681 5550.901 5590.17 5640.257 5700.877 5771.698 5852.35 5942.432 6041.523 6020.797 5942.432 5852.35 5771.698 5700.877 5640.257 5590.17 5550.901 5522.681 5460.083 5396.758 5344.39
-9999 -9999 -9999 -9999 -9999 250 353.5534 559.017 707.1068 901.3878 1118.034 1346.291 1581.139 1820.027 2061.553 2304.886 2371.708 2462.214 2573.907 2704.164 2850.438 3010.399 3181.98 3363.406 3535.534 3716.517 3889.087 4069.705 4257.347 4451.124 4650.269 4828.302 4924.429 5031.153 5147.815 5220.153 5297.405 5385.165 5482.928 5590.17 5706.356 5750 5750 5755.432 5771.698 5755.432 5750 5750 5750 5755.432 5771.698 5798.707 5836.309 5884.301 5942.432 6010.408 6087.898 6174.544 6269.968 6269.968 6174.544 6087.898 6010.408 5942.432 5884.301 5836.309 5798.707 5771.698 5700.877 5640.257 5590.17
-9999 -9999 -9999 -9999 -9999 500 559.017 707.1068 901.3878 1060.66 1250 1457.738 1677.051 1903.943 2136.001 2371.708 2610.077 2692.583 2795.085 2915.476 3051.639 3201.562 3363.406 3535.534 3716.517 3889.087 4069.705 4242.641 4422.952 4609.772 4802.343 5000 5153.882 5255.949 5367.728 5460.083 5533.986 5618.051 5711.83 5814.852 5926.635 6000 6000 6005.206 6020.797 6005.206 6000 6000 6000 6005.206 6020.797 6046.693 6082.763 6128.825 6184.658 6250 6324.555 6408.003 6500 6500 6408.003 6324.555 6250 6184.658 6128.825 6082.763 6046.693 6010.408 5942.432 5884.301 5836.309
