components/klab.component.landcover/etc/demofiles/sc1gr11.fil
ncols         128
nrows         108
xllcorner     436000
yllcorner     1356000
cellsize      250
NODATA_value  -9999
[rows 31 to 61 of 108, columns 0 to 68 of 128]
-9999 -9999 -9999 -9999 -9999 11853.27 11632.39 11412.71 11194.31 10977.25 10761.62 10547.51 10335.01 10124.23 9915.266 9708.244 9503.289 9300.538 9100.138 8902.247 8707.037 8514.693 8325.413 8139.41 7956.915 7778.175 7603.453 7433.034 7267.221 7106.335 6950.719 6800.735 6656.764 6519.203 6388.466 6264.982 6149.187 6041.523 5942.432 5852.35 5771.698 5700.877 5640.257 5590.17 5550.901 5522.681 5505.679 5500 5505.679 5522.681 5550.901 5590.17 5640.257 5700.877 5771.698 5852.35 5942.432 6041.523 6149.187 6264.982 6388.466 6519.203 6656.764 6800.735 6950.719 7106.335 7267.221 7433.034 7603.453
-9999 -9999 -9999 -9999 -9999 11971.32 11752.66 11535.27 11319.23 11104.62 10891.51 10680 10470.2 10262.19 10056.09 9852.03 9650.13 9450.529 9253.378 9058.836 8867.074 8678.277 8492.644 8310.385 8131.728 7956.915 7786.206 7619.875 7458.217 7301.541 7150.175 7004.463 6864.765 6731.456 6604.922 6485.561 6373.774 6269.968 6174.544 6087.898 6010.408 5942.432 5884.301 5836.309 5798.707 5771.698 5755.432 5750 5755.432 5771.698 5798.707 5836.309 5884.301 5942.432 6010.408 6087.898 6174.544 6269.968 6373.774 6485.561 6604.922 6731.456 6864.765 7004.463 7150.175 7301.541 7458.217 7619.875 7786.206
-9999 -9999 -9999 -9999 -9999 12093.39 11876.97 11661.9 11448.25 11236.1 11025.54 10816.65 10609.55 10404.33 10201.1 10000 9801.147 9604.687 9410.765 9219.545 9031.196 8845.903 8663.861 8485.281 8310.385 8139.41 7972.609 7810.25 7652.614 7500 7352.721 7211.103 7075.486 6946.222 6823.672 6708.204 6600.189 6500 6408.003 6324.555 6250 6184.658 6128.825 6082.763 6046.693 6020.797 6005.206 6000 6005.206 6020.797 6046.693 6082.763 6128.825 6184.658 6250 6324.555 6408.003 6500 6600.189 6708.204 6823.672 6946.222 7075.486 7211.103 7352.721 7500 7652.614 7810.25 7972.609
-9999 -9999 -9999 -9999 -9999 -9999 12005.21 11792.48 11581.23 11371.57 11163.56 10957.3 10752.91 10550.47 10350.12 10151.97 9956.154 9762.813 9572.095 9384.162 9199.185 9017.345 8838.835 8663.861 8492.644 8325.413 8162.414 8003.905 7850.159 7701.461 7558.108 7420.411 7288.69 7163.274 7044.501 6932.712 6828.25 6731.456 6642.665 6562.202 6490.377 6427.48 6373.774 6329.495 6294.839 6269.968 6254.998 6250 6254.998 6269.968 6294.839 6329.495 6373.774 6427.48 6490.377 6562.202 6642.665 6731.456 6828.25 6932.712 7044.501 7163.274 7288.69 7420.411 7558.108 7701.461 7850.159 8003.905 8162.414
-9999 -9999 -9999 -9999 -9999 -9999 12137.24 11926.86 11718.04 11510.86 11305.42 11101.8 10900.11 10700.47 10502.98 10307.76 10114.96 9924.717 9737.171 9552.486 9370.832 9192.388 9017.345 8845.903 8678.277 8514.693 8355.388 8200.609 8050.621 7905.694 7766.112 7632.169 7504.166 7382.412 7267.221 7158.911 7057.797 6964.194 6878.408 6800.735 6731.456 6670.832 6619.101 6576.473 6543.126 6519.203 6504.806 6500 6504.806 6519.203 6543.126 6576.473 6619.101 6670.832 6731.456 6800.735 6878.408 6964.194 7057.797 7158.911 7267.221 7382.412 7504.166 7632.169 7766.112 7905.694 8050.621 8200.609 8355.388
-9999 -9999 -9999 -9999 -9999 -9999 -9999 12064.93 11858.54 11653.86 11450.98 11250 11051.02 10854.15 10659.5 10467.21 10277.4 10090.22 9905.807 9724.325 9545.941 9370.832 9199.185 9031.196 8867.074 8707.037 8551.315 8400.148 8253.787 8112.49 7976.528 7846.177 7721.723 7603.453 7491.662 7386.644 7288.69 7198.09 7115.125 7040.064 6973.163 6914.658 6864.765 6823.672 6791.539 6768.493 6754.628 6750 6754.628 6768.493 6791.539 6823.672 6864.765 6914.658 6973.163 7040.064 7115.125 7198.09 7288.69 7386.644 7491.662 7603.453 7721.723 7846.177 7976.528 8112.49 8253.787 8400.148 8551.315
-9999 -9999 -9999 -9999 -9999 -9999 -9999 12206.56 12002.6 11800.42 11600.11 11401.75 11205.47 11011.36 10819.54 10630.15 10443.3 10259.14 10077.82 9899.495 9724.325 9552.486 9384.162 9219.545 9058.836 8902.247 8750 8602.325 8459.462 8321.658 8189.169 8062.258 7941.19 7826.238 7717.674 7615.773 7520.805 7433.034 7352.721 7280.11 7215.435 7158.911 7110.731 7071.068 7040.064 7017.834 7004.463 7000 7004.463 7017.834 7040.064 7071.068 7110.731 7158.911 7215.435 7280.11 7352.721 7433.034 7520.805 7615.773 7717.674 7826.238 7941.19 8062.258 8189.169 8321.658 8459.462 8602.325 8750
-9999 -9999 -9999 -9999 -9999 -9999 -9999 -9999 12150.1 11950.42 11752.66 11556.92 11363.32 11171.95 10982.94 10796.41 10612.49 10431.32 10253.05 10077.82 9905.807 9737.171 9572.095 9410.765 9253.378 9100.138 8951.257 8806.957 8667.468 8533.024 8403.868 8280.248 8162.414 8050.621 7945.125 7846.177 7754.031 7668.931 7591.113 7520.805 7458.217 7403.546 7356.97 7318.641 7288.69 7267.221 7254.309 7250 7254.309 7267.221 7288.69 7318.641 7356.97 7403.546 7458.217 7520.805 7591.113 7668.931 7754.031 7846.177 7945.125 8050.621 8162.414 8280.248 8403.868 8533.024 8667.468 8806.957 8951.257
-9999 -9999 -9999 -9999 -9999 -9999 -9999 -9999 12300.92 12103.72 11908.5 11715.38 11524.43 11335.78 11149.55 10965.86 10784.83 10606.6 10431.32 10259.14 10090.22 9924.717 9762.813 9604.687 9450.529 9300.538 9154.917 9013.878 8877.641 8746.428 8620.47 8500 8385.255 8276.473 8173.892 8077.747 7988.272 7905.694 7830.23 7762.087 7701.461 7648.529 7603.453 7566.373 7537.407 7516.648 7504.166 7500 7504.166 7516.648 7537.407 7566.373 7603.453 7648.529 7701.461 7762.087 7830.23 7905.694 7988.272 8077.747 8173.892 8276.473 8385.255 8500 8620.47 8746.428 8877.641 9013.878 9154.917
-9999 -9999 -9999 -9999 -9999 -9999 -9999 -9999 12454.92 12260.2 12067.52 11876.97 11688.67 11502.72 11319.23 11138.33 10960.16 10784.83 10612.49 10443.3 10277.4 10114.96 9956.154 9801.147 9650.13 9503.289 9360.822 9222.934 9089.829 8961.725 8838.835 8721.382 8609.588 8503.676 8403.868 8310.385 8223.442 8143.249 8070.006 8003.905 7945.125 7893.827 7850.159 7814.25 7786.206 7766.112 7754.031 7750 7754.031 7766.112 7786.206 7814.25 7850.159 7893.827 7945.125 8003.905 8070.006 8143.249 8223.442 8310.385 8403.868 8503.676 8609.588 8721.382 8838.835 8961.725 9089.829 9222.934 9360.822
-9999 -9999 -9999 -9999 -9999 -9999 -9999 -9999 -9999 12419.74 12229.58 12041.59 11855.91 11672.62 11491.84 11313.71 11138.33 10965.86 10796.41 10630.15 10467.21 10307.76 10151.97 10000 9852.03 9708.244 9568.83 9433.981 9303.897 9178.78 9058.836 8944.271 8835.299 8732.125 8634.958 8544.004 8459.462 8381.527 8310.385 8246.211 8189.169 8139.41 8097.067 8062.258 8035.079 8015.61 8003.905 8000 8003.905 8015.61 8035.079 8062.258 8097.067 8139.41 8189.169 8246.211 8310.385 8381.527 8459.462 8544.004 8634.958 8732.125 8835.299 8944.271 9058.836 9178.78 9303.897 9433.981 9568.83
-9999 -9999 -9999 -9999 -9999 -9999 -9999 -9999 -9999 12582.23 12394.56 12209.12 12026.01 11845.36 11667.26 11491.84 11319.23 11149.55 10982.94 10819.54 10659.5 10502.98 10350.12 10201.1 10056.09 9915.266 9778.804 9646.891 9519.717 9397.473 9280.355 9168.561 9062.284 8961.725 8867.074 8778.525 8696.264 8620.47 8551.315 8488.964 8433.563 8385.255 8344.159 8310.385 8284.021 8265.138 8253.787 8250 8253.787 8265.138 8284.021 8310.385 8344.159 8385.255 8433.563 8488.964 8551.315 8620.47 8696.264 8778.525 8867.074 8961.725 9062.284 9168.561 9280.355 9397.473 9519.717 9646.891 9778.804
-9999 -9999 -9999 -9999 -9999 -9999 -9999 -9999 -9999 -9999 12562.34 12379.42 12198.87 12020.82 11845.36 11672.62 11502.72 11335.78 11171.95 11011.36 10854.15 10700.47 10550.47 10404.33 10262.19 10124.23 9990.62 9861.541 9737.171 9617.692 9503.289 9394.147 9290.452 9192.388 9100.138 9013.878 8933.784 8860.022 8792.753 8732.125 8678.277 8631.338 8591.42 8558.621 8533.024 8514.693 8503.676 8500 8503.676 8514.693 8533.024 8558.621 8591.42 8631.338 8678.277 8732.125 8792.753 8860.022 8933.784 9013.878 9100.138 9192.388 9290.452 9394.147 9503.289 9617.692 9737.171 9861.541 9990.62
-9999 -9999 -9999 -9999 -9999 -9999 -9999 -9999 -9999 -9999 -9999 12552.39 12374.37 12198.87 12026.01 11855.91 11688.67 11524.43 11363.32 11205.47 11051.02 10900.11 10752.91 10609.55 10470.2 10335.01 10204.17 10077.82 9956.154 9839.334 9727.538 9620.94 9519.717 9424.038 9334.077 9250 9171.968 9100.138 9034.655 8975.661 8923.284 8877.641 8838.835 8806.957 8782.084 8764.274 8753.57 8750 8753.57 8764.274 8782.084 8806.957 8838.835 8877.641 8923.284 8975.661 9034.655 9100.138 9171.968 9250 9334.077 9424.038 9519.717 9620.94 9727.538 9839.334 9956.154 10077.82 10204.17
-9999 -9999 -9999 -9999 -9999 -9999 -9999 -9999 -9999 -9999 -9999 -9999 12552.39 12379.42 12209.12 12041.59 11876.97 11715.38 11556.92 11401.75 11250 11101.8 10957.3 10816.65 10680 10547.51 10419.33 10295.63 10176.57 10062.31 9953.015 9848.857 9750 9656.604 9568.83 9486.833 9410.765 9340.771 9276.987 9219.545 9168.561 9124.144 9086.391 9055.385 9031.196 9013.878 9003.472 9000 9003.472 9013.878 9031.196 9055.385 9086.391 9124.144 9168.561 9219.545 9276.987 9340.771 9410.765 9486.833 9568.83 9656.604 9750 9848.857 9953.015 10062.31 10176.57 10295.63 10419.33
-9999 -9999 -9999 -9999 -9999 -9999 -9999 -9999 -9999 -9999 -9999 -9999 12732.83 12562.34 12394.56 12229.58 12067.52 11908.5 11752.66 11600.11 11450.98 11305.42 11163.56 11025.54 10891.51 10761.62 10636.02 10514.87 10398.32 10286.52 10179.64 10077.82 9981.232 9890.021 9804.336 9724.325 9650.13 9581.884 9519.717 9463.747 9414.085 9370.832 9334.077 9303.897 9280.355 9263.504 9253.378 9250 9253.378 9263.504 9280.355 9303.897 9334.077 9370.832 9414.085 9463.747 9519.717 9581.884 9650.13 9724.325 9804.336 9890.021 9981.232 10077.82 10179.64 10286.52 10398.32 10514.87 10636.02
-9999 -9999 -9999 -9999 -9999 -9999 -9999 -9999 -9999 -9999 -9999 -9999 -9999 -9999 12582.23 12419.74 12260.2 12103.72 11950.42 11800.42 11653.86 11510.86 11371.57 11236.1 11104.62 10977.25 10854.15 10735.46 10621.32 10511.9 10407.33 10307.76 10213.35 10124.23 10040.54 9962.43 9890.021 9823.441 9762.813 9708.244 9659.84 9617.692 9581.884 9552.486 9529.56 9513.148 9503.289 9500 9503.289 9513.148 9529.56 9552.486 9581.884 9617.692 9659.84 9708.244 9762.813 9823.441 9890.021 9962.43 10040.54 10124.23 10213.35 10307.76 10407.33 10511.9 10621.32 10735.46 10854.15
-9999 -9999 -9999 -9999 -9999 -9999 -9999 -9999 -9999 -9999 -9999 -9999 -9999 -9999 -9999 12612 12454.92 12300.92 12150.1 12002.6 11858.54 11718.04 11581.23 11448.25 11319.23 11194.31 11073.62 10957.3 10845.51 10738.37 10636.02 10538.62 10446.29 10359.17 10277.4 10201.1 10130.4 10065.41 10006.25 9953.015 9905.807 9864.71 9829.802 9801.147 9778.804 9762.813 9753.205 9750 9753.205 9762.813 9778.804 9801.147 9829.802 9864.71 9905.807 9953.015 10006.25 10065.41 10130.4 10201.1 10277.4 10359.17 10446.29 10538.62 10636.02 10738.37 10845.51 10957.3 11070.79
-9999 -9999 -9999 -9999 -9999 -9999 -9999 -9999 -9999 -9999 -9999 -9999 -9999 -9999 -9999 -9999 12651.58 12500 12351.62 12206.56 12064.93 11926.86 11792.48 11661.9 11535.27 11412.71 11294.36 11180.34 11070.79 10965.86 10865.66 10770.33 10680 10594.81 10514.87 10440.31 10371.23 10307.76 10250 10198.04 10151.97 10111.87 10077.82 10049.88 10028.09 10012.49 10003.13 10000 10003.13 10012.49 10028.09 10049.88 10077.82 10111.87 10151.97 10198.04 10250 10307.76 10371.23 10440.31 10514.87 10594.81 10680 10770.33 10865.66 10965.86 11070.79 10957.3 10845.51
-9999 -9999 -9999 -9999 -9999 -9999 -9999 -9999 -9999 -9999 -9999 -9999 -9999 -9999 -9999 -9999 -9999 -9999 12554.88 12412.19 12272.94 12137.24 12005.21 11876.97 11752.66 11632.39 11516.29 11404.5 11297.12 11194.31 11096.17 11002.84 10914.44 10831.09 10752.91 10680 10612.49 10550.47 10494.05 10443.3 10398.32 10359.17 10325.94 10298.67 10277.4 10262.19 10253.05 10250 10253.05 10262.19 10277.4 10298.67 10325.94 10359.17 10398.32 10443.3 10494.05 10550.47 10612.49 10680 10752.91 10831.09 10914.44 11002.84 11096.17 10977.25 10854.15 10735.46 10621.32
-9999 -9999 -9999 -9999 -9999 -9999 -9999 -9999 -9999 -9999 -9999 -9999 -9999 -9999 -9999 -9999 -9999 -9999 -9999 -9999 -9999 12349.09 12219.35 12093.39 11971.32 11853.27 11739.36 11629.7 11524.43 11423.66 11327.51 11236.1 11149.55 11067.97 10991.47 10920.17 10854.15 10793.52 10738.37 10688.78 10644.83 10606.6 10574.14 10547.51 10526.75 10511.9 10502.98 10500 10502.98 10511.9 10526.75 10547.51 10574.14 10606.6 10644.83 10688.78 10738.37 10793.52 10854.15 10920.17 10991.47 11067.97 11149.55 11025.54 10891.51 10761.62 10636.02 10514.87 10398.32
-9999 -9999 -9999 -9999 -9999 -9999 -9999 -9999 -9999 -9999 -9999 -9999 -9999 -9999 -9999 -9999 -9999 -9999 -9999 -9999 -9999 -9999 -9999 -9999 -9999 12075.29 11963.49 11855.91 11752.66 11653.86 11559.63 11470.07 11385.3 11305.42 11230.54 11160.76 11096.17 11036.87 10982.94 10934.46 10891.51 10854.15 10822.43 10796.41 10776.13 10761.62 10752.91 10750 10752.91 10761.62 10776.13 10796.41 10822.43 10854.15 10891.51 10934.46 10982.94 11036.87 11096.17 11160.76 11230.54 11101.8 10957.3 10816.65 10680 10547.51 10419.33 10295.63 10176.57
-9999 -9999 -9999 -9999 -9999 -9999 -9999 -9999 -9999 -9999 -9999 -9999 -9999 -9999 -9999 -9999 -9999 -9999 -9999 -9999 -9999 -9999 -9999 -9999 -9999 -9999 -9999 -9999 -9999 11884.86 11792.48 11704.7 11621.64 11543.4 11470.07 11401.75 11338.54 11280.51 11227.76 11180.34 11138.33 11101.8 11070.79 11045.36 11025.54 11011.36 11002.84 11000 11002.84 11011.36 11025.54 11045.36 11070.79 11101.8 11138.33 11180.34 11227.76 11280.51 11338.54 11205.47 11051.02 10900.11 10752.91 10609.55 10470.2 10335.01 10204.17 10077.82 9956.154
-9999 -9999 -9999 -9999 -9999 -9999 -9999 -9999 -9999 -9999 -9999 -9999 -9999 -9999 -9999 -9999 -9999 -9999 -9999 -9999 -9999 -9999 -9999 -9999 -9999 -9999 -9999 -9999 -9999 -9999 -9999 -9999 11858.54 11781.87 11710.04 11643.13 11581.23 11524.43 11472.79 11426.39 11385.3 11349.56 11319.23 11294.36 11274.97 11261.11 11252.78 11250 11252.78 11261.11 11274.97 11294.36 11319.23 11349.56 11385.3 11426.39 11472.79 11335.78 11171.95 11011.36 10854.15 10700.47 10550.47 10404.33 10262.19 10124.23 9990.62 9861.541 9737.171
-9999 -9999 -9999 -9999 -9999 -9999 -9999 -9999 -9999 -9999 -9999 -9999 -9999 -9999 -9999 -9999 -9999 -9999 -9999 -9999 -9999 -9999 -9999 -9999 -9999 -9999 -9999 -9999 -9999 -9999 -9999 -9999 -9999 -9999 -9999 -9999 -9999 11768.6 11718.04 11672.62 11632.39 11597.41 11567.74 11543.4 11524.43 11510.86 11502.72 11500 11502.72 11510.86 11524.43 11543.4 11567.74 11597.41 11632.39 11491.84 11319.23 11149.55 10982.94 10819.54 10659.5 10502.98 10350.12 10201.1 10056.09 9915.266 9778.804 9646.891 9519.717
-9999 -9999 -9999 -9999 -9999 -9999 -9999 -9999 -9999 -9999 -9999 -9999 -9999 -9999 -9999 -9999 -9999 -9999 -9999 -9999 -9999 -9999 -9999 -9999 -9999 -9999 -9999 -9999 -9999 -9999 -9999 -9999 -9999 -9999 -9999 -9999 -9999 -9999 11963.49 11919 11879.6 11845.36 11816.3 11792.48 11773.91 11760.63 11752.66 11750 11752.66 11760.63 11773.91 11792.48 11816.3 11672.62 11491.84 11313.71 11138.33 10965.86 10796.41 10630.15 10467.21 10307.76 10151.97 10000 9852.03 9708.244 9568.83 9433.981 9303.897
-9999 -9999 -9999 -9999 -9999 -9999 -9999 -9999 -9999 -9999 -9999 -9999 -9999 -9999 -9999 -9999 -9999 -9999 -9999 -9999 -9999 -9999 -9999 -9999 -9999 -9999 -9999 -9999 -9999 -9999 -9999 -9999 -9999 -9999 -9999 -9999 -9999 -9999 -9999 12165.53 12126.93 12093.39 12064.93 12041.59 12023.42 12010.41 12002.6 12000 12002.6 12010.41 12023.42 11876.97 11688.67 11502.72 11319.23 11138.33 10960.16 10784.83 10612.49 10443.3 10277.4 10114.96 9956.154 9801.147 9650.13 9503.289 9360.822 9222.934 9089.829
-9999 -9999 -9999 -9999 -9999 -9999 -9999 -9999 -9999 -9999 -9999 -9999 -9999 -9999 -9999 -9999 -9999 -9999 -9999 -9999 -9999 -9999 -9999 -9999 -9999 -9999 -9999 -9999 -9999 -9999 -9999 -9999 -9999 -9999 -9999 -9999 -9999 -9999 -9999 -9999 12374.37 12341.5 12313.61 12290.75 12272.94 12260.2 12252.55 12250 12252.55 12103.72 11908.5 11715.38 11524.43 11335.78 11149.55 10965.86 10784.83 10606.6 10431.32 10259.14 10090.22 9924.717 9762.813 9604.687 9450.529 9300.538 9154.917 9013.878 8877.641
-9999 -9999 -9999 -9999 -9999 -9999 -9999 -9999 -9999 -9999 -9999 -9999 -9999 -9999 -9999 -9999 -9999 -9999 -9999 -9999 -9999 -9999 -9999 -9999 -9999 -9999 -9999 -9999 -9999 -9999 -9999 -9999 -9999 -9999 -9999 -9999 -9999 -9999 -9999 -9999 -9999 -9999 -9999 12539.94 12522.48 12510 12502.5 12351.62 12150.1 11950.42 11752.66 11556.92 11363.32 11171.95 10982.94 10796.41 10612.49 10431.32 10253.05 10077.82 9905.807 9737.171 9572.095 9410.765 9253.378 9100.138 8951.257 8806.957 8667.468
-9999 -9999 -9999 -9999 -9999 -9999 -9999 -9999 -9999 -9999 -9999 -9999 -9999 -9999 -9999 -9999 -9999 -9999 -9999 -9999 -9999 -9999 -9999 -9999 -9999 -9999 -9999 -9999 -9999 -9999 -9999 -9999 -9999 -9999 -9999 -9999 -9999 -9999 -9999 -9999 -9999 -9999 -9999 -9999 -9999 -9999 12412.19 12206.56 12002.6 11800.42 11600.11 11401.75 11205.47 11011.36 10819.54 10630.15 10443.3 10259.14 10077.82 9899.495 9724.325 9552.486 9384.162 9219.545 9058.836 8902.247 8750 8602.325 8459.462
-9999 -9999 -9999 -9999 -9999 -9999 -9999 -9999 -9999 -9999 -9999 -9999 -9999 -9999 -9999 -9999 -9999 -9999 -9999 -9999 -9999 -9999 -9999 -9999 -9999 -9999 -9999 -9999 -9999 -9999 -9999 -9999 -9999 -9999 -9999 -9999 -9999 -9999 -9999 -9999 -9999 -9999 -9999 -9999 -9999 -9999 -9999 -9999 -9999 -9999 11450.98 11250 11051.02 10854.15 10659.5 10467.21 10277.4 10090.22 9905.807 9724.325 9545.941 9370.832 9199.185 9031.196 8867.074 8707.037 8551.315 8400.148 8253.787
